KEYINFO
[0]<27>
[1]<67>
[9]<83>
[1]<12>
[9]<11>
[1]<24>
[9]<94>
[1]<83>
[9]<13>
[1]<13>
[9]<38>
[1]<5>
[9]<13>
[1]<57>
[9]<96>
[1]<96>
[9]<104>
[1]<94>
[9]<25>
[1]<24>
[9]<16>
[1]<14>
[9]<33>
[1]<102>
[9]<13>
[1]<250>
[0]<12>
[1]<40>
[0]<113>
END
MOUSEINFO
[-0.00523593,-0.00349065,0.99998]<21>
[-0.00698116,-0.00523596,0.999962]<1>
[-0.0122168,-0.00523596,0.999912]<1>
[-0.0331539,-0.00872654,0.999412]<2>
[-0.0923616,-0.0139622,0.995628]<2>
[-0.13051,-0.0157073,0.991323]<1>
[-0.168469,-0.0157073,0.985582]<1>
[-0.214709,-0.0157073,0.976552]<2>
[-0.235113,-0.0157073,0.971841]<1>
[-0.245277,-0.0157073,0.969326]<1>
[-0.248659,-0.0157073,0.968464]<1>
[-0.253733,-0.0139622,0.967174]<1>
[-0.257108,-0.0139622,0.966282]<1>
[-0.258794,-0.0139622,0.965832]<1>
[-0.260485,-0.012217,0.965401]<1>
[-0.263853,-0.012217,0.964485]<2>
[-0.27226,-0.012217,0.962146]<2>
[-0.295697,-0.00872653,0.955242]<1>
[-0.320611,-0.00349065,0.947204]<2>
[-0.335452,7.80223e-010,0.942057]<1>
[-0.351837,0.00523597,0.936047]<2>
[-0.37134,0.012217,0.928417]<2>
[-0.385791,0.0244322,0.922263]<1>
[-0.406437,0.0383878,0.912872]<2>
[-0.420533,0.0488498,0.905961]<1>
[-0.43294,0.057564,0.899583]<1>
[-0.443708,0.0645323,0.893845]<1>
[-0.455811,0.0749787,0.886913]<1>
[-0.495374,0.135716,0.858013]<2>
[-0.518464,0.178802,0.836197]<2>
[-0.52863,0.206204,0.823426]<2>
[-0.538128,0.243615,0.806889]<2>
[-0.54639,0.27228,0.792037]<1>
[-0.551859,0.304033,0.776541]<1>
[-0.5584,0.332161,0.76017]<1>
[-0.564819,0.356738,0.744122]<1>
[-0.574293,0.385906,0.721986]<1>
[-0.581643,0.400349,0.708104]<1>
[-0.588272,0.411514,0.696126]<1>
[-0.596489,0.424199,0.681363]<1>
[-0.6049,0.438371,0.664776]<1>
[-0.613328,0.45399,0.646313]<1>
[-0.621111,0.466387,0.629845]<1>
[-0.632632,0.478692,0.608795]<2>
[-0.639231,0.483282,0.598182]<1>
[-0.646665,0.48786,0.58636]<1>
[-0.656158,0.489382,0.574423]<1>
[-0.673216,0.490904,0.552986]<2>
[-0.693028,0.490904,0.527945]<2>
[-0.702136,0.490904,0.51577]<2>
[-0.706412,0.489382,0.511357]<1>
[-0.70908,0.489382,0.507652]<1>
[-0.723536,0.486335,0.489871]<2>
[-0.733393,0.483282,0.478093]<2>
[-0.746998,0.478692,0.461355]<2>
[-0.760136,0.472551,0.445969]<2>
[-0.766901,0.46793,0.439208]<1>
[-0.772831,0.463296,0.433692]<1>
[-0.776501,0.4602,0.430421]<1>
[-0.781592,0.455545,0.426138]<1>
[-0.786679,0.452435,0.420047]<1>
[-0.790985,0.449319,0.415277]<1>
[-0.80088,0.441506,0.404554]<2>
[-0.80506,0.438371,0.399635]<1>
[-0.821391,0.424199,0.381277]<4>
[-0.828687,0.414693,0.375909]<2>
[-0.832614,0.40833,0.374192]<1>
[-0.833916,0.406737,0.373028]<1>
[-0.838435,0.400349,0.369794]<2>
[-0.840342,0.395545,0.370635]<1>
[-0.840972,0.393942,0.370913]<2>
[-0.842225,0.390731,0.371465]<3>
[-0.843468,0.387515,0.372013]<1>
[-0.844734,0.385906,0.370812]<1>
[-0.84722,0.38107,0.370141]<2>
[-0.848433,0.377841,0.370671]<2>
[-0.850927,0.374606,0.368229]<1>
[-0.854709,0.372988,0.361043]<1>
[-0.86508,0.368124,0.340764]<3>
[-0.866265,0.368124,0.337742]<1>
[-0.86862,0.366501,0.333432]<1>
[-0.877108,0.364877,0.312324]<2>
[-0.881906,0.364877,0.298508]<1>
[-0.885268,0.368124,0.284228]<1>
[-0.889325,0.371368,0.26681]<2>
[-0.890819,0.374606,0.257122]<2>
[-0.891523,0.376224,0.252275]<1>
[-0.892202,0.38107,0.242406]<2>
[-0.892341,0.385906,0.234101]<2>
[-0.8925,0.387515,0.230816]<1>
[-0.8925,0.387515,0.230816]<1>
[-0.891844,0.389124,0.230646]<2>
[-0.892499,0.392337,0.222525]<2>
[-0.893507,0.397148,0.20957]<2>
[-0.894294,0.400349,0.199898]<1>
[-0.895296,0.403545,0.188668]<2>
[-0.896592,0.403545,0.182414]<1>
[-0.896909,0.403545,0.180848]<1>
[-0.897843,0.403545,0.17615]<2>
[-0.899346,0.403545,0.168308]<2>
[-0.899928,0.403545,0.165168]<1>
[-0.902147,0.403545,0.152587]<2>
[-0.903695,0.403545,0.143131]<1>
[-0.90491,0.403545,0.135239]<1>
[-0.906072,0.401948,0.132182]<1>
[-0.907191,0.401948,0.12427]<1>
[-0.909336,0.400349,0.113264]<1>
[-0.912727,0.397148,0.0959314]<2>
[-0.913217,0.397148,0.0911511]<1>
[-0.915497,0.393942,0.0817058]<1>
[-0.916596,0.392337,0.0769686]<1>
[-0.916729,0.392337,0.0753688]<2>
[-0.917667,0.390731,0.072222]<1>
[-0.91847,0.389124,0.0706725]<1>
[-0.920402,0.385906,0.0627467]<1>
[-0.923193,0.38107,0.0499984]<2>
[-0.924989,0.377841,0.040386]<2>
[-0.9265,0.374606,0.0355925]<2>
[-0.928077,0.371368,0.0275446]<2>
[-0.929573,0.368124,0.0194718]<2>
[-0.930348,0.366501,0.0113669]<1>
[-0.931691,0.363251,-4.07255e-008]<2>
[-0.932322,0.361624,-0.00162715]<1>
[-0.932288,0.361624,-0.00813595]<1>
[-0.932233,0.361624,-0.0130173]<1>
[-0.932838,0.359997,-0.0146542]<1>
[-0.933302,0.358368,-0.0228094]<1>
[-0.932619,0.358368,-0.0423499]<2>
[-0.931937,0.358368,-0.0553673]<1>
[-0.931419,0.358368,-0.0634977]<1>
[-0.930169,0.358368,-0.0797436]<1>
[-0.927393,0.358368,-0.107303]<2>
[-0.924972,0.359997,-0.121775]<1>
[-0.923874,0.359997,-0.129842]<1>
[-0.921099,0.361624,-0.14424]<1>
[-0.918441,0.361624,-0.160294]<1>
[-0.910756,0.366501,-0.190267]<2>
[-0.908778,0.368124,-0.196485]<1>
[-0.901566,0.374606,-0.216447]<2>
[-0.896143,0.379456,-0.23009]<2>
[-0.893639,0.382683,-0.234442]<1>
[-0.887682,0.389124,-0.246176]<1>
[-0.876827,0.403545,-0.261394]<2>
[-0.861247,0.424199,-0.279836]<2>
[-0.85765,0.428935,-0.283641]<1>
[-0.853004,0.433659,-0.290386]<1>
[-0.846314,0.441506,-0.298035]<2>
[-0.83896,0.449319,-0.307016]<2>
[-0.835124,0.45399,-0.31058]<1>
[-0.832547,0.457098,-0.312934]<1>
[-0.826229,0.463296,-0.320473]<2>
[-0.825105,0.463296,-0.323355]<1>
[-0.823218,0.464842,-0.325935]<1>
[-0.816152,0.471012,-0.334729]<3>
[-0.811509,0.475624,-0.339462]<2>
[-0.808188,0.478692,-0.343055]<2>
[-0.806818,0.480223,-0.344137]<2>
[-0.806818,0.480223,-0.344137]<1>
[-0.804396,0.480223,-0.349761]<37>
[-0.803784,0.480223,-0.351165]<2>
[-0.802401,0.481753,-0.35223]<2>
[-0.801167,0.481753,-0.355028]<2>
[-0.799297,0.481753,-0.359218]<2>
[-0.797405,0.481753,-0.363399]<2>
[-0.797405,0.481753,-0.363399]<1>
[-0.79677,0.481753,-0.36479]<2>
[-0.794316,0.480223,-0.372085]<3>
[-0.793013,0.480223,-0.374855]<2>
[-0.793013,0.480223,-0.374855]<1>
[-0.793769,0.478692,-0.375213]<43>
[-0.80152,0.469471,-0.370354]<1>
[-0.821129,0.449319,-0.351936]<1>
[-0.867325,0.401947,-0.293573]<2>
[-0.91901,0.335451,-0.207108]<2>
[-0.947547,0.28736,-0.139922]<1>
[-0.959372,0.262189,-0.104221]<1>
[-0.981255,0.192522,0.00856331]<1>
[-0.983933,0.171929,0.0481225]<1>
[-0.978252,0.109734,0.176015]<2>
[-0.969725,0.088894,0.227447]<2>
[-0.967585,0.0854166,0.237662]<1>
[-0.967585,0.0854166,0.237662]<1>
[-0.966603,0.0871555,0.241001]<8>
[-0.965456,0.0906323,0.244298]<1>
[-0.963254,0.0958455,0.250909]<2>
[-0.961257,0.102792,0.255771]<3>
[-0.960904,0.106264,0.255677]<1>
[-0.960724,0.107999,0.255629]<1>
[-0.960022,0.118404,0.253649]<1>
[-0.959851,0.123601,0.251812]<1>
[-0.960079,0.125333,0.250082]<1>
[-0.960084,0.128795,0.248295]<1>
[-0.959643,0.132256,0.248181]<1>
[-0.959418,0.133986,0.248122]<2>
[-0.959622,0.135715,0.246389]<2>
[-0.959157,0.139173,0.24627]<1>
[-0.959348,0.140901,0.244535]<1>
[-0.959109,0.142629,0.244474]<1>
[-0.959109,0.142629,0.244474]<2>
[-0.959956,0.142629,0.241124]<11>
[-0.961373,0.144356,0.234358]<1>
[-0.96234,0.146083,0.229262]<1>
[-0.964944,0.149535,0.21569]<1>
[-0.966893,0.151261,0.205519]<1>
[-0.968808,0.15471,0.193587]<1>
[-0.971149,0.156434,0.179992]<1>
[-0.972732,0.159881,0.16802]<1>
[-0.974435,0.161604,0.156079]<1>
[-0.97548,0.163326,0.147528]<1>
[-0.975955,0.165047,0.142376]<1>
[-0.976687,0.165047,0.137264]<1>
[-0.976873,0.166768,0.133815]<1>
[-0.977561,0.166768,0.128698]<1>
[-0.977931,0.168489,0.123541]<1>
[-0.978356,0.168489,0.120127]<1>
[-0.978564,0.168489,0.118419]<1>
[-0.979171,0.168489,0.113294]<1>
[-0.979367,0.168489,0.111585]<1>
[-0.979644,0.170209,0.106423]<1>
[-0.980066,0.171929,0.0995514]<1>
[-0.980909,0.173648,0.0875436]<1>
[-0.981636,0.173648,0.0789804]<1>
[-0.982561,0.175367,0.0618173]<2>
[-0.982661,0.177085,0.0549391]<1>
[-0.982949,0.178802,0.0429162]<2>
[-0.982972,0.180519,0.0343259]<2>
[-0.983086,0.180519,0.0308946]<1>
[-0.983139,0.180519,0.0291787]<1>
[-0.983188,0.180519,0.0274628]<2>
[-0.983105,0.182235,0.01716]<8>
[-0.983218,0.182235,0.00858032]<1>
[-0.982935,0.183951,-1.60141e-007]<1>
[-0.982517,0.185666,-0.0137196]<2>
[-0.982492,0.185666,-0.0154344]<1>
[-0.982492,0.185666,-0.0154344]<2>
[-0.982463,0.185666,-0.017149]<3>
[-0.982463,0.185666,-0.017149]<2>
[-0.981291,0.190809,-0.0256961]<2>
[-0.981195,0.190809,-0.0291212]<2>
[-0.981195,0.190809,-0.0291212]<1>
[-0.981029,0.190809,-0.0342584]<17>
[-0.980766,0.190809,-0.0411064]<1>
[-0.980617,0.190809,-0.0445296]<1>
[-0.980658,0.187381,-0.0565444]<1>
[-0.980453,0.185666,-0.0651217]<1>
[-0.980487,0.182235,-0.0737233]<1>
[-0.978562,0.182235,-0.095949]<2>
[-0.977819,0.180519,-0.106225]<1>
[-0.976448,0.180519,-0.118163]<1>
[-0.974782,0.178802,-0.133529]<1>
[-0.972303,0.178802,-0.150521]<1>
[-0.96741,0.178802,-0.179299]<2>
[-0.96484,0.180519,-0.191043]<1>
[-0.962826,0.182235,-0.199392]<1>
[-0.960058,0.185666,-0.209326]<1>
[-0.95345,0.194234,-0.230664]<2>
[-0.949139,0.199368,-0.243697]<1>
[-0.944277,0.206204,-0.256555]<1>
[-0.935607,0.216439,-0.278917]<1>
[-0.929783,0.224951,-0.291377]<1>
[-0.904825,0.253758,-0.341905]<4>
[-0.893262,0.265556,-0.362716]<2>
[-0.887033,0.27228,-0.372875]<1>
[-0.872036,0.285688,-0.39741]<2>
[-0.864578,0.292372,-0.408685]<1>
[-0.857665,0.299041,-0.418312]<1>
[-0.849107,0.305695,-0.430777]<1>
[-0.839358,0.315649,-0.442543]<1>
[-0.815846,0.335451,-0.471029]<2>
[-0.801904,0.345298,-0.487565]<1>
[-0.770191,0.361624,-0.525389]<2>
[-0.739507,0.374606,-0.559285]<2>
[-0.716973,0.382683,-0.582669]<1>
[-0.653209,0.405141,-0.63967]<3>
[-0.637039,0.409923,-0.652798]<1>
[-0.605063,0.419452,-0.676726]<1>
[-0.574592,0.428935,-0.697036]<1>
[-0.559702,0.433659,-0.706168]<1>
[-0.509859,0.449319,-0.733592]<2>
[-0.498686,0.452435,-0.739334]<1>
[-0.478761,0.458649,-0.748618]<1>
[-0.470044,0.461748,-0.752228]<1>
[-0.443727,0.471012,-0.7624]<2>
[-0.433567,0.474088,-0.766329]<1>
[-0.422971,0.478692,-0.769383]<1>
[-0.411401,0.481753,-0.773733]<1>
[-0.392602,0.486335,-0.780603]<2>
[-0.371953,0.492423,-0.786874]<2>
[-0.345674,0.498488,-0.794997]<2>
[-0.326889,0.501511,-0.801019]<1>
[-0.300339,0.507538,-0.80759]<2>
[-0.287024,0.510543,-0.810533]<1>
[-0.282776,0.510543,-0.812024]<1>
[-0.278232,0.512043,-0.81265]<1>
[-0.273973,0.512043,-0.814095]<2>
[-0.272551,0.512043,-0.814572]<1>
[-0.271129,0.512043,-0.815047]<3>
[-0.26658,0.513541,-0.815605]<4>
[-0.236953,0.519519,-0.820947]<3>
[-0.232651,0.519519,-0.822176]<1>
[-0.228101,0.52101,-0.822508]<1>
[-0.222116,0.522498,-0.823201]<2>
[-0.209158,0.522498,-0.826588]<2>
[-0.199044,0.522498,-0.829082]<1>
[-0.191802,0.522498,-0.830787]<1>
[-0.187449,0.522498,-0.83178]<2>
[-0.187449,0.522498,-0.83178]<2>
[-0.19655,0.509041,-0.838001]<11>
[-0.213504,0.492423,-0.843763]<1>
[-0.238925,0.469471,-0.850007]<1>
[-0.254095,0.457098,-0.852348]<1>
[-0.291113,0.428935,-0.855142]<1>
[-0.359935,0.389124,-0.847956]<2>
[-0.413124,0.369747,-0.832236]<1>
[-0.467721,0.353475,-0.810119]<1>
[-0.493905,0.348572,-0.79659]<1>
[-0.583067,0.327218,-0.743614]<2>
[-0.629107,0.313992,-0.711079]<2>
[-0.640934,0.310676,-0.701914]<1>
[-0.662141,0.30237,-0.685669]<1>
[-0.68252,0.295708,-0.668374]<1>
[-0.691376,0.292372,-0.660695]<2>
[-0.696342,0.290702,-0.656201]<1>
[-0.70505,0.28736,-0.648328]<1>
[-0.725108,0.277314,-0.630329]<2>
[-0.732402,0.273959,-0.623325]<1>
[-0.743919,0.265556,-0.613241]<2>
[-0.76048,0.252069,-0.598441]<3>
[-0.763949,0.25038,-0.59472]<1>
[-0.76533,0.24869,-0.593653]<1>
[-0.767398,0.24869,-0.590978]<1>
[-0.76774,0.246999,-0.591241]<1>
[-0.76774,0.246999,-0.591241]<1>
[-0.764634,0.246999,-0.595253]<13>
[-0.754129,0.246999,-0.608507]<1>
[-0.738707,0.24869,-0.626471]<2>
[-0.722528,0.252069,-0.643751]<1>
[-0.707089,0.255446,-0.659373]<1>
[-0.677025,0.258819,-0.688948]<2>
[-0.669459,0.260504,-0.695673]<1>
[-0.65845,0.260504,-0.706103]<1>
[-0.646972,0.262189,-0.71602]<1>
[-0.641958,0.262189,-0.720519]<1>
[-0.628007,0.262189,-0.73271]<2>
[-0.621589,0.262189,-0.738163]<1>
[-0.612233,0.263873,-0.745347]<2>
[-0.609628,0.263873,-0.747479]<1>
[-0.604395,0.263873,-0.751717]<1>
[-0.582891,0.265556,-0.767931]<5>
[-0.57454,0.267238,-0.77362]<1>
[-0.559311,0.26892,-0.784126]<2>
[-0.533881,0.27228,-0.800522]<3>
[-0.529682,0.27228,-0.803306]<1>
[-0.515326,0.273959,-0.812026]<2>
[-0.498207,0.273959,-0.82264]<2>
[-0.48643,0.275637,-0.829102]<1>
[-0.471886,0.275637,-0.837465]<2>
[-0.462858,0.277314,-0.841938]<1>
[-0.458212,0.278991,-0.843923]<1>
[-0.456738,0.278991,-0.844722]<1>
[-0.452855,0.285688,-0.844574]<2>
[-0.451901,0.292372,-0.842795]<2>
[-0.451901,0.292372,-0.842795]<1>
[-0.451416,0.295708,-0.841891]<1>
[-0.455818,0.295708,-0.839516]<2>
[-0.455818,0.295708,-0.839516]<1>
[-0.461668,0.295708,-0.836313]<16>
[-0.477379,0.297375,-0.826848]<1>
[-0.48718,0.299041,-0.820506]<1>
[-0.484577,0.297375,-0.82265]<1>
[-0.469452,0.292372,-0.833147]<1>
[-0.446948,0.285688,-0.847715]<2>
[-0.429979,0.278991,-0.858651]<1>
[-0.420089,0.273959,-0.865142]<1>
[-0.382421,0.255446,-0.887976]<2>
[-0.370825,0.246999,-0.895254]<2>
[-0.366456,0.243615,-0.897977]<1>
[-0.361106,0.233445,-0.902832]<1>
[-0.35014,0.21303,-0.912151]<2>
[-0.338837,0.192522,-0.920937]<2>
[-0.335848,0.189095,-0.92274]<1>
[-0.328001,0.185667,-0.926252]<2>
[-0.313917,0.177085,-0.93279]<2>
[-0.310756,0.175367,-0.934172]<1>
[-0.304506,0.170209,-0.937179]<1>
[-0.299774,0.166769,-0.939321]<1>
[-0.296493,0.166769,-0.940362]<2>
[-0.293209,0.166769,-0.941391]<24>
[-0.273349,0.168489,-0.947044]<3>
[-0.251641,0.171929,-0.952427]<2>
[-0.24665,0.171929,-0.953732]<1>
[-0.234908,0.173648,-0.956381]<2>
[-0.228226,0.173648,-0.957998]<1>
[-0.221464,0.175367,-0.959271]<2>
[-0.219789,0.175367,-0.959656]<2>
[-0.219789,0.175367,-0.959656]<2>
[-0.218114,0.175367,-0.960038]<7>
[-0.213084,0.175367,-0.961167]<1>
[-0.211406,0.175367,-0.961537]<1>
[-0.204752,0.173648,-0.963288]<2>
[-0.199766,0.171929,-0.964642]<1>
[-0.196458,0.170209,-0.965626]<1>
[-0.194772,0.170209,-0.965967]<1>
[-0.18808,0.168489,-0.967594]<2>
[-0.183065,0.166769,-0.968853]<2>
[-0.174706,0.163326,-0.97098]<2>
[-0.162877,0.161604,-0.973322]<2>
[-0.145907,0.159881,-0.976294]<2>
[-0.142498,0.159881,-0.976797]<1>
[-0.130554,0.159881,-0.978465]<2>
[-0.115201,0.158158,-0.980671]<2>
[-0.103212,0.158158,-0.982005]<1>
[-0.0963537,0.158158,-0.982701]<1>
[-0.0843644,0.156434,-0.984079]<1>
[-0.0671771,0.156434,-0.985401]<2>
[-0.0620165,0.156434,-0.985739]<2>
[-0.0602958,0.156434,-0.985846]<1>
[-0.0534118,0.156434,-0.986243]<3>
[-0.0396364,0.156434,-0.986893]<3>
[-0.0327459,0.156434,-0.987145]<2>
[-0.0310228,0.156434,-0.987201]<1>
[-0.0292996,0.156434,-0.987254]<2>
[-0.0275764,0.156434,-0.987303]<2>
[-0.0275764,0.156434,-0.987303]<1>
[-0.0241301,0.156434,-0.987394]<14>
[-0.0189596,0.156434,-0.987506]<1>
[0.00172571,0.15471,-0.987958]<1>
[0.0310423,0.152986,-0.987741]<2>
[0.0396606,0.152986,-0.987432]<1>
[0.0843898,0.15471,-0.984349]<2>
[0.120303,0.159881,-0.979778]<2>
[0.130557,0.159881,-0.978465]<1>
[0.169622,0.163326,-0.971881]<2>
[0.21173,0.166769,-0.962995]<2>
[0.250132,0.168489,-0.953439]<1>
[0.260024,0.170209,-0.950482]<1>
[0.281521,0.170209,-0.944338]<2>
[0.28802,0.171929,-0.942064]<1>
[0.297869,0.171929,-0.938996]<2>
[0.307686,0.171929,-0.935826]<1>
[0.320722,0.171929,-0.931439]<2>
[0.328838,0.171929,-0.928604]<1>
[0.333696,0.171929,-0.92687]<1>
[0.341771,0.171929,-0.923922]<2>
[0.348213,0.171929,-0.921514]<1>
[0.357844,0.171929,-0.917817]<1>
[0.364243,0.171929,-0.915296]<1>
[0.378575,0.171929,-0.909462]<1>
[0.411771,0.170209,-0.89525]<3>
[0.419568,0.170209,-0.891623]<1>
[0.433521,0.170209,-0.884923]<1>
[0.450429,0.170209,-0.876437]<1>
[0.473074,0.171929,-0.864084]<2>
[0.479095,0.171929,-0.86076]<1>
[0.501463,0.171929,-0.847924]<1>
[0.51749,0.173648,-0.837884]<1>
[0.543553,0.173648,-0.821216]<2>
[0.576924,0.178802,-0.796987]<2>
[0.605157,0.183951,-0.774563]<1>
[0.646368,0.192522,-0.738338]<1>
[0.669795,0.197657,-0.715756]<1>
[0.745692,0.216439,-0.630156]<2>
[0.790628,0.228351,-0.568122]<1>
[0.850346,0.245307,-0.465549]<2>
[0.872712,0.252069,-0.418132]<2>
[0.883923,0.255446,-0.391699]<1>
[0.888894,0.257133,-0.379144]<1>
[0.899523,0.260504,-0.350707]<2>
[0.905079,0.262189,-0.334797]<1>
[0.907394,0.262189,-0.32847]<1>
[0.910351,0.263873,-0.318799]<2>
[0.911458,0.263873,-0.315619]<1>
[0.913202,0.265556,-0.3091]<1>
[0.914366,0.267238,-0.304167]<1>
[0.918136,0.2706,-0.289485]<1>
[0.921677,0.275637,-0.273012]<1>
[0.926627,0.282341,-0.248287]<2>
[0.927378,0.285688,-0.241562]<1>
[0.929686,0.289032,-0.228352]<1>
[0.932775,0.29404,-0.208499]<1>
[0.940598,0.299041,-0.160778]<2>
[0.944502,0.307357,-0.115969]<1>
[0.945672,0.309017,-0.101062]<1>
[0.947298,0.312335,-0.0712266]<1>
[0.947655,0.313992,-0.0579602]<1>
[0.947158,0.320613,-0.00991792]<2>
[0.946649,0.322266,9.14084e-007]<1>
[0.945275,0.325568,0.0214523]<1>
[0.943328,0.328867,0.0444867]<1>
[0.942236,0.330514,0.0543298]<1>
[0.93891,0.333807,0.0837958]<2>
[0.936313,0.337095,0.0984108]<1>
[0.935017,0.338738,0.104879]<1>
[0.932487,0.34202,0.116148]<2>
[0.931273,0.34366,0.120952]<1>
[0.92936,0.345298,0.130614]<1>
[0.927828,0.346936,0.13701]<1>
[0.927344,0.346936,0.140248]<1>
[0.926597,0.346936,0.145101]<2>
[0.926597,0.346936,0.145101]<1>
[0.925225,0.348572,0.149854]<2>
[0.922469,0.348572,0.165979]<2>
[0.918833,0.350207,0.181934]<2>
[0.916611,0.351842,0.189821]<1>
[0.915943,0.351842,0.19302]<1>
[0.914223,0.351842,0.201005]<1>
[0.908614,0.355107,0.219817]<2>
[0.906455,0.356738,0.226005]<1>
[0.902607,0.358368,0.238479]<1>
[0.897979,0.361625,0.250721]<2>
[0.896931,0.363251,0.252116]<1>
[0.894087,0.364877,0.259756]<2>
[0.889623,0.368125,0.270288]<2>
[0.88564,0.369747,0.280942]<1>
[0.877097,0.376224,0.298589]<2>
[0.873302,0.377841,0.307539]<1>
[0.8716,0.379456,0.310364]<1>
[0.868789,0.38107,0.316214]<1>
[0.865372,0.382684,0.32355]<2>
[0.864806,0.382684,0.32506]<1>
[0.86304,0.384295,0.32784]<1>
[0.862467,0.384295,0.329345]<1>
[0.86189,0.384295,0.33085]<3>
[0.856587,0.384295,0.344347]<7>
[0.854773,0.384295,0.348828]<1>
[0.850453,0.385906,0.357499]<1>
[0.84857,0.385906,0.361947]<1>
[0.844085,0.385906,0.372287]<2>
[0.841465,0.385906,0.378171]<1>
[0.839473,0.385906,0.382571]<1>
[0.831448,0.389124,0.396581]<2>
[0.827249,0.389124,0.405266]<1>
[0.823073,0.390731,0.412165]<1>
[0.821019,0.392337,0.414728]<1>
[0.818104,0.392337,0.42045]<1>
[0.808515,0.393942,0.437164]<2>
[0.804066,0.395546,0.44387]<1>
[0.796395,0.397148,0.456101]<1>
[0.787717,0.398749,0.469575]<2>
[0.784651,0.400349,0.473333]<1>
[0.782993,0.400349,0.476069]<1>
[0.782993,0.400349,0.476069]<2>
[0.779894,0.401948,0.479795]<2>
[0.771402,0.401948,0.493333]<2>
[0.769675,0.401948,0.496023]<1>
[0.765605,0.403545,0.500999]<1>
[0.762089,0.403545,0.506332]<2>
[0.762089,0.403545,0.506332]<1>
[0.761204,0.403545,0.507661]<4>
[0.761204,0.403545,0.507661]<1>
[0.760317,0.403545,0.508989]<4>
[0.759427,0.403545,0.510315]<2>
[0.758535,0.403545,0.51164]<1>
[0.755846,0.403545,0.515605]<2>
[0.754041,0.403545,0.51824]<1>
[0.748228,0.401948,0.527819]<2>
[0.744525,0.401948,0.533029]<1>
[0.743594,0.401948,0.534328]<1>
[0.73701,0.401948,0.543372]<4>
[0.735109,0.401948,0.545942]<1>
[0.73128,0.401948,0.551061]<2>
[0.730317,0.401948,0.552336]<1>
[0.724493,0.401948,0.559954]<5>
[0.720013,0.403545,0.564564]<1>
[0.714061,0.403545,0.572073]<1>
[0.71206,0.403545,0.574562]<1>
[0.708031,0.403545,0.579519]<2>
[0.707019,0.403545,0.580754]<1>
[0.706004,0.403545,0.581988]<2>
[0.703425,0.405142,0.583997]<1>
[0.697271,0.405142,0.591332]<2>
[0.694165,0.405142,0.594974]<1>
[0.691548,0.406737,0.596931]<1>
[0.691548,0.406737,0.596931]<2>
[0.690505,0.406737,0.598137]<2>
[0.685778,0.408331,0.602474]<2>
[0.681544,0.411515,0.605106]<1>
[0.675693,0.416281,0.608399]<3>
[0.670848,0.4242,0.608291]<2>
[0.663279,0.433659,0.609919]<2>
[0.657842,0.439939,0.611307]<1>
[0.655647,0.443071,0.611403]<1>
[0.651238,0.449319,0.611556]<1>
[0.645159,0.457098,0.612235]<2>
[0.642929,0.4602,0.612256]<1>
[0.642929,0.4602,0.612256]<1>
[0.642347,0.461749,0.611701]<1>
[0.640695,0.463296,0.612264]<2>
[0.640695,0.463296,0.612264]<2>
[0.643414,0.461749,0.610579]<31>
[0.663903,0.449319,0.597783]<2>
[0.68809,0.436802,0.579428]<1>
[0.718057,0.422619,0.552981]<1>
[0.735238,0.414694,0.536147]<1>
[0.767066,0.401948,0.500047]<1>
[0.784773,0.395546,0.477152]<1>
[0.853403,0.371368,0.365771]<2>
[0.869796,0.364877,0.332145]<1>
[0.897843,0.353475,0.26255]<1>
[0.919631,0.338738,0.198834]<1>
[0.940637,0.317305,0.120501]<2>
[0.946018,0.309017,0.0977638]<1>
[0.953694,0.295708,0.0549918]<1>
[0.958674,0.284016,0.0167364]<1>
[0.961572,0.272281,-0.0352566]<2>
[0.962042,0.26219,-0.0757116]<2>
[0.961874,0.255446,-0.0977009]<1>
[0.960075,0.24869,-0.128098]<2>
[0.957932,0.243615,-0.151718]<1>
[0.956424,0.241922,-0.163482]<1>
[0.953292,0.238534,-0.185298]<1>
[0.947829,0.233446,-0.217079]<2>
[0.945899,0.231748,-0.227087]<1>
[0.942569,0.228351,-0.243762]<1>
[0.94128,0.228351,-0.248694]<1>
[0.939904,0.226652,-0.255363]<2>
[0.939904,0.226652,-0.255363]<1>
[0.941664,0.226652,-0.248795]<11>
[0.946667,0.226652,-0.22902]<2>
[0.952338,0.226652,-0.20416]<1>
[0.958883,0.226652,-0.1708]<2>
[0.962119,0.228351,-0.148941]<1>
[0.96323,0.23005,-0.138801]<1>
[0.965291,0.23005,-0.123654]<1>
[0.966333,0.23005,-0.115225]<2>
[0.966533,0.23005,-0.113539]<169>
[0.967114,0.23005,-0.108476]<1>
[0.967848,0.23005,-0.101722]<2>
[0.968133,0.231748,-0.0949238]<1>
[0.968617,0.231748,-0.0898537]<1>
[0.969505,0.231748,-0.0797053]<1>
[0.971352,0.231748,-0.0526043]<3>
[0.971778,0.233446,-0.0339327]<2>
[0.971748,0.235142,-0.020353]<1>
[0.971429,0.236839,-0.0152581]<1>
[0.97029,0.241922,0.00338908]<2>
[0.969392,0.245308,0.010154]<1>
[0.968837,0.246999,0.0186047]<1>
[0.968371,0.24869,0.0202865]<1>
[0.967332,0.25207,0.0270221]<1>
[0.965456,0.257133,0.0421548]<1>
[0.963216,0.26219,0.0589148]<2>
[0.962323,0.263873,0.0656067]<1>
[0.96079,0.267239,0.0739308]<1>
[0.959315,0.270601,0.080558]<1>
[0.957456,0.275638,0.0854524]<2>
[0.957152,0.275638,0.0887943]<1>
[0.956515,0.277315,0.0904192]<1>
[0.955545,0.278991,0.0953777]<1>
[0.95437,0.280667,0.101994]<1>
[0.951778,0.285689,0.11181]<2>
[0.951381,0.285689,0.115132]<1>
[0.94977,0.289032,0.119986]<1>
[0.948186,0.290703,0.128202]<2>
[0.946257,0.294041,0.134674]<2>
[0.943521,0.297375,0.146066]<2>
[0.937605,0.304033,0.168703]<2>
[0.936186,0.305696,0.173513]<1>
[0.934426,0.307357,0.179943]<1>
[0.930088,0.310677,0.196001]<4>
[0.927454,0.312335,0.205613]<1>
[0.92434,0.313993,0.216803]<1>
[0.922413,0.313993,0.224861]<1>
[0.917282,0.317305,0.240646]<2>
[0.913739,0.31896,0.251687]<1>
[0.911871,0.320613,0.256317]<1>
[0.910971,0.320613,0.259498]<1>
[0.908598,0.322266,0.265694]<2>
[0.908133,0.322266,0.26728]<2>
[0.908133,0.322266,0.26728]<2>
[0.90952,0.322266,0.262521]<61>
[0.912408,0.31896,0.256468]<2>
[0.913833,0.317305,0.25343]<1>
[0.915681,0.315649,0.248786]<2>
[0.917502,0.313993,0.24413]<1>
[0.920126,0.312335,0.23625]<2>
[0.921878,0.310677,0.231562]<1>
[0.924125,0.307357,0.226989]<1>
[0.927109,0.304033,0.219161]<2>
[0.930383,0.300706,0.209673]<2>
[0.932336,0.299041,0.203284]<1>
[0.932689,0.299041,0.201656]<1>
[0.933198,0.297375,0.201766]<2>
[0.933198,0.297375,0.201766]<1>
[0.933198,0.297375,0.201766]<100>
END
