KEYINFO
[0]<35>
[1]<37>
[9]<46>
[1]<9>
[9]<22>
[1]<4>
[9]<3>
[8]<18>
[9]<28>
[1]<10>
[9]<177>
[1]<114>
[9]<7>
[1]<16>
[0]<15>
[1]<10>
[9]<194>
[1]<100>
[9]<170>
[1]<44>
[9]<119>
[1]<6>
[0]<41>
END
MOUSEINFO
[0.0836777,-0.00174533,0.996491]<2>
[0.120136,-0.00349065,0.992751]<2>
[0.146082,-0.00349065,0.989266]<2>
[0.154709,-0.00349065,0.987954]<1>
[0.166768,-0.00349065,0.98599]<2>
[0.168488,-0.00349065,0.985697]<1>
[0.175366,-0.00349065,0.984497]<2>
[0.177084,-0.00349065,0.98419]<1>
[0.180518,-0.00349065,0.983566]<1>
[0.189094,-0.00349065,0.981953]<4>
[0.190808,-0.00349065,0.981621]<1>
[0.195945,-0.00349065,0.980609]<3>
[0.204495,-0.00349065,0.978861]<1>
[0.214734,-0.00349065,0.976666]<1>
[0.214734,-0.00349065,0.976666]<1>
[0.202786,0.00349065,0.979217]<4>
[0.182226,0.0104718,0.983201]<2>
[0.171916,0.012217,0.985036]<1>
[0.166752,0.0139622,0.9859]<1>
[0.16331,0.0139622,0.986476]<2>
[0.16331,0.0139622,0.986476]<2>
[0.161588,0.0139622,0.98676]<1>
[0.161588,0.0139622,0.98676]<1>
[0.156419,0.0139622,0.987592]<1>
[0.140884,0.0157073,0.989902]<2>
[0.125318,0.0157073,0.991992]<1>
[0.0923592,0.0157073,0.995602]<2>
[0.0680087,0.0139622,0.997587]<1>
[0.0453596,0.012217,0.998896]<1>
[-0.0366428,0.00698126,0.999304]<3>
[-0.0575626,0.00698126,0.998317]<1>
[-0.0749769,0.00698126,0.997161]<1>
[-0.0975805,0.00698126,0.995203]<2>
[-0.111466,0.00698126,0.993744]<1>
[-0.130524,0.00523596,0.991431]<1>
[-0.144354,0.00523596,0.989512]<2>
[-0.151259,0.00523596,0.98848]<2>
[-0.159879,0.00523596,0.987123]<1>
[-0.182235,0.00174533,0.983253]<1>
[-0.194234,0.00174533,0.980954]<1>
[-0.202787,0.00174533,0.979221]<1>
[-0.207911,0.00174533,0.978146]<1>
[-0.209618,0.00174533,0.977782]<1>
[-0.21303,0.00174533,0.977044]<1>
[-0.219846,0.00174533,0.975533]<1>
[-0.23005,6.50186e-010,0.973179]<1>
[-0.260503,-0.00349065,0.965467]<2>
[-0.287357,-0.00523596,0.957809]<2>
[-0.297371,-0.00523596,0.954748]<1>
[-0.309013,-0.00523596,0.951043]<1>
[-0.32391,-0.00698126,0.946062]<1>
[-0.343651,-0.00698126,0.939071]<2>
[-0.355098,-0.00698126,0.934803]<1>
[-0.364868,-0.00698126,0.931033]<1>
[-0.382674,-0.00698126,0.923857]<1>
[-0.392328,-0.00698126,0.919799]<1>
[-0.400339,-0.00698126,0.91634]<1>
[-0.406727,-0.00698126,0.913523]<1>
[-0.411504,-0.00698126,0.911381]<1>
[-0.413094,-0.00698126,0.910661]<1>
[-0.416271,-0.00698126,0.909214]<2>
[-0.416271,-0.00698126,0.909214]<1>
[-0.419442,-0.00698126,0.907755]<1>
[-0.425769,-0.00698126,0.904805]<1>
[-0.493941,-0.00174533,0.869494]<4>
[-0.496973,-0.00174533,0.867764]<1>
[-0.50151,-0.00174533,0.86515]<1>
[-0.507538,1.17033e-009,0.861629]<1>
[-0.513541,1.17033e-009,0.858065]<2>
[-0.516533,1.17033e-009,0.856267]<2>
[-0.522499,1.17033e-009,0.85264]<1>
[-0.528438,0.00174533,0.84897]<1>
[-0.537299,0.00174533,0.84339]<2>
[-0.543174,0.00174533,0.839619]<2>
[-0.550477,0.00349065,0.834843]<1>
[-0.56208,0.00349065,0.827076]<2>
[-0.566403,0.00349065,0.824121]<1>
[-0.56784,0.00349065,0.823131]<1>
[-0.569272,0.00523597,0.822133]<1>
[-0.573569,0.00523597,0.819141]<2>
[-0.576424,0.00523597,0.817134]<1>
[-0.57785,0.00523597,0.816126]<1>
[-0.582115,0.00523597,0.81309]<2>
[-0.582109,0.00698126,0.813081]<2>
[-0.582109,0.00698126,0.813081]<1>
[-0.584943,0.00698126,0.811044]<45>
[-0.590591,0.00698126,0.806941]<2>
[-0.597602,0.00872654,0.801745]<1>
[-0.603185,0.00872654,0.797553]<1>
[-0.611504,0.00872654,0.791193]<1>
[-0.615628,0.0104718,0.787968]<1>
[-0.618375,0.0104718,0.785814]<1>
[-0.625208,0.0104718,0.780388]<3>
[-0.627929,0.0104718,0.7782]<1>
[-0.631995,0.0104718,0.774902]<1>
[-0.634696,0.0104718,0.772691]<1>
[-0.642752,0.0104718,0.766002]<2>
[-0.648084,0.0104718,0.761496]<1>
[-0.656023,0.0104718,0.754668]<1>
[-0.663877,0.012217,0.747742]<1>
[-0.669081,0.012217,0.743089]<1>
[-0.678109,0.012217,0.73486]<2>
[-0.683223,0.012217,0.730108]<3>
[-0.687036,0.012217,0.72652]<1>
[-0.692091,0.012217,0.721706]<1>
[-0.698363,0.012217,0.715639]<2>
[-0.700841,0.0139622,0.713181]<1>
[-0.705803,0.0139622,0.708271]<1>
[-0.711957,0.0139622,0.702085]<1>
[-0.714403,0.0139622,0.699595]<1>
[-0.71927,0.0139622,0.694591]<1>
[-0.722897,0.0139622,0.690815]<1>
[-0.727702,0.0139622,0.685751]<2>
[-0.733658,0.0139622,0.679375]<1>
[-0.736025,0.0139622,0.67681]<1>
[-0.747725,0.0139622,0.663861]<2>
[-0.75349,0.0139622,0.657311]<1>
[-0.75806,0.0139622,0.652035]<1>
[-0.763722,0.0139622,0.645395]<2>
[-0.768209,0.0139622,0.640047]<2>
[-0.771549,0.0139622,0.636016]<1>
[-0.773765,0.0139622,0.633319]<1>
[-0.779262,0.0139622,0.626543]<1>
[-0.781444,0.0139622,0.623819]<2>
[-0.7847,0.0139622,0.619719]<2>
[-0.78578,0.0139622,0.618348]<2>
[-0.789007,0.0139622,0.614225]<2>
[-0.796452,0.0139622,0.60454]<2>
[-0.798558,0.0139622,0.601756]<1>
[-0.80585,0.0139622,0.591955]<2>
[-0.807911,0.0139622,0.589139]<1>
[-0.815067,0.012217,0.579238]<1>
[-0.819091,0.012217,0.573533]<1>
[-0.828992,0.0104718,0.559162]<1>
[-0.845241,0.00698126,0.534339]<2>
[-0.856255,0.00523597,0.516526]<1>
[-0.872064,0.00349065,0.489379]<2>
[-0.897258,1.82052e-009,0.441506]<2>
[-0.909235,-0.00174533,0.41628]<1>
[-0.920503,-0.00174533,0.39073]<1>
[-0.925204,-0.00349065,0.379454]<1>
[-0.940275,-0.00523596,0.340375]<2>
[-0.949413,-0.00523596,0.313988]<1>
[-0.961238,-0.00698126,0.275631]<1>
[-0.96498,-0.00872653,0.262179]<1>
[-0.970663,-0.0104718,0.240215]<1>
[-0.97773,-0.0104718,0.209607]<2>
[-0.982862,-0.012217,0.183937]<2>
[-0.985334,-0.012217,0.170196]<1>
[-0.98734,-0.012217,0.158146]<1>
[-0.989927,-0.0139622,0.140887]<2>
[-0.99221,-0.0157073,0.123586]<2>
[-0.993838,-0.0157073,0.10972]<1>
[-0.994399,-0.0157073,0.104515]<1>
[-0.996222,-0.0157073,0.0854061]<2>
[-0.997191,-0.0157073,0.0732289]<1>
[-0.998414,-0.0157073,0.0540718]<2>
[-0.999268,-0.0157073,0.034895]<2>
[-0.999875,-0.0157073,0.00174484]<2>
[-0.999663,-0.0174524,-0.0191947]<2>
[-0.999354,-0.0174524,-0.0314062]<2>
[-0.999042,-0.0174524,-0.0401258]<1>
[-0.998818,-0.0174524,-0.0453562]<1>
[-0.998353,-0.0191974,-0.0540691]<1>
[-0.996928,-0.0226873,-0.0749596]<3>
[-0.996796,-0.0226873,-0.0766995]<1>
[-0.996381,-0.0226873,-0.0819176]<1>
[-0.996089,-0.0226873,-0.0853951]<1>
[-0.995897,-0.0244322,-0.0871299]<1>
[-0.995099,-0.0244322,-0.0958172]<2>
[-0.992625,-0.026177,-0.118364]<2>
[-0.990829,-0.0279216,-0.132205]<2>
[-0.988371,-0.0279216,-0.149477]<2>
[-0.983812,-0.0279216,-0.177016]<2>
[-0.976615,-0.0296662,-0.212937]<2>
[-0.971533,-0.0296662,-0.235039]<1>
[-0.969019,-0.0296662,-0.2452]<1>
[-0.96454,-0.0314108,-0.26206]<1>
[-0.959278,-0.0331552,-0.280513]<2>
[-0.954753,-0.0331552,-0.295546]<1>
[-0.950477,-0.0348995,-0.308829]<1>
[-0.947746,-0.0348995,-0.317112]<1>
[-0.942527,-0.0383878,-0.331917]<1>
[-0.936591,-0.0383878,-0.348315]<2>
[-0.93537,-0.0383878,-0.351582]<1>
[-0.93537,-0.0383878,-0.351582]<1>
[-0.938402,-0.0383878,-0.343407]<9>
[-0.940777,-0.0383878,-0.336847]<1>
[-0.949272,-0.0383878,-0.312105]<1>
[-0.954509,-0.0401318,-0.29547]<1>
[-0.973833,-0.0436194,-0.223038]<2>
[-0.97786,-0.045363,-0.204286]<1>
[-0.985191,-0.0471065,-0.164865]<1>
[-0.991275,-0.0505929,-0.121713]<1>
[-0.993863,-0.052336,-0.0974493]<1>
[-0.998289,-0.0558215,-0.0174253]<2>
[-0.997833,-0.0558215,0.034845]<1>
[-0.995225,-0.0558215,0.0800738]<1>
[-0.987215,-0.0558215,0.149302]<2>
[-0.977341,-0.0558215,0.204177]<2>
[-0.967073,-0.0558215,0.248302]<1>
[-0.961283,-0.0540788,0.270204]<1>
[-0.943654,-0.052336,0.326769]<2>
[-0.933629,-0.0505929,0.354652]<1>
[-0.925997,-0.0505929,0.374127]<1>
[-0.922028,-0.0505929,0.383803]<1>
[-0.912455,-0.0488498,0.406251]<2>
[-0.902333,-0.0471065,0.428459]<2>
[-0.901583,-0.0471065,0.430033]<1>
[-0.894926,-0.0418757,0.444245]<1>
[-0.894926,-0.0418757,0.444245]<2>
[-0.894149,-0.0418757,0.445806]<11>
[-0.887838,-0.0418757,0.458247]<2>
[-0.884617,-0.0418757,0.464434]<1>
[-0.876377,-0.0418757,0.479802]<1>
[-0.872157,-0.0418757,0.487431]<1>
[-0.863517,-0.0418757,0.502579]<2>
[-0.863517,-0.0418757,0.502579]<1>
[-0.865266,-0.0418757,0.499561]<38>
[-0.877213,-0.0418757,0.478272]<2>
[-0.894149,-0.0418757,0.445806]<2>
[-0.903896,-0.045363,0.425341]<1>
[-0.914646,-0.0471065,0.401501]<1>
[-0.930579,-0.0488498,0.362817]<2>
[-0.943249,-0.0488498,0.328474]<2>
[-0.949381,-0.0488498,0.310305]<1>
[-0.952053,-0.0488498,0.302009]<1>
[-0.961069,-0.0488498,0.271955]<2>
[-0.962945,-0.0488498,0.265239]<1>
[-0.966554,-0.0488498,0.251768]<1>
[-0.970389,-0.0488498,0.236555]<1>
[-0.972017,-0.0488498,0.229775]<1>
[-0.977699,-0.0488498,0.204251]<1>
[-0.985678,-0.0488498,0.16141]<3>
[-0.987049,-0.0488498,0.152803]<1>
[-0.990487,-0.0488498,0.128641]<2>
[-0.993693,-0.0488498,0.100935]<2>
[-0.994536,-0.0488498,0.0922598]<1>
[-0.996124,-0.0488498,0.0731503]<1>
[-0.998001,-0.0488498,0.0400834]<2>
[-0.9988,-0.0488498,-0.00348691]<2>
[-0.99807,-0.0488498,-0.0383424]<1>
[-0.995862,-0.0488498,-0.0766279]<1>
[-0.989241,-0.0505929,-0.137269]<2>
[-0.986423,-0.0505929,-0.156234]<1>
[-0.979699,-0.0505929,-0.193986]<1>
[-0.973122,-0.0505929,-0.224663]<1>
[-0.961929,-0.0505929,-0.268576]<2>
[-0.959549,-0.0505929,-0.27696]<1>
[-0.956596,-0.0505929,-0.286993]<1>
[-0.954569,-0.0505929,-0.293664]<1>
[-0.954055,-0.0505929,-0.29533]<1>
[-0.95197,-0.0505929,-0.301983]<2>
[-0.95091,-0.0505929,-0.305304]<1>
[-0.950376,-0.0505929,-0.306963]<1>
[-0.949298,-0.0505929,-0.310279]<2>
[-0.945912,-0.052336,-0.320174]<2>
[-0.941262,-0.0540788,-0.333319]<1>
[-0.93772,-0.0540788,-0.343157]<1>
[-0.928416,-0.0540788,-0.367586]<1>
[-0.914323,-0.0540788,-0.40136]<2>
[-0.904244,-0.0540788,-0.423579]<1>
[-0.902013,-0.0540788,-0.428308]<1>
[-0.887317,-0.0540788,-0.457979]<6>
[-0.87334,-0.0540788,-0.484101]<3>
[-0.868222,-0.0540788,-0.493219]<2>
[-0.868222,-0.0540788,-0.493219]<1>
[-0.876437,-0.0593064,-0.47785]<17>
[-0.902095,-0.0662739,-0.426419]<2>
[-0.920847,-0.0714974,-0.383312]<1>
[-0.929189,-0.0732382,-0.362276]<1>
[-0.949039,-0.0732382,-0.306531]<2>
[-0.96567,-0.0714974,-0.249739]<2>
[-0.968649,-0.0714974,-0.237923]<1>
[-0.972387,-0.0697565,-0.222707]<1>
[-0.972387,-0.0697565,-0.222707]<2>
[-0.971603,-0.0697565,-0.226099]<7>
[-0.970001,-0.0697565,-0.232877]<1>
[-0.967509,-0.0697565,-0.243022]<1>
[-0.961976,-0.0662739,-0.264973]<2>
[-0.957695,-0.0662739,-0.28005]<2>
[-0.956712,-0.0662739,-0.283391]<1>
[-0.955215,-0.0662739,-0.288397]<1>
[-0.953801,-0.0645323,-0.293428]<1>
[-0.951729,-0.0645323,-0.300079]<2>
[-0.950145,-0.0645323,-0.305059]<1>
[-0.949611,-0.0645323,-0.306716]<1>
[-0.947552,-0.0627905,-0.313373]<2>
[-0.943186,-0.0610486,-0.326608]<2>
[-0.94214,-0.0593064,-0.329933]<1>
[-0.938038,-0.0593064,-0.341418]<2>
[-0.935632,-0.0593064,-0.347959]<1>
[-0.934507,-0.057564,-0.351259]<1>
[-0.931406,-0.057564,-0.3594]<1>
[-0.925646,-0.057564,-0.373986]<2>
[-0.923675,-0.057564,-0.378827]<1>
[-0.918296,-0.057564,-0.391687]<1>
[-0.916233,-0.057564,-0.39649]<1>
[-0.91132,-0.057564,-0.407654]<2>
[-0.908452,-0.057564,-0.414006]<1>
[-0.907728,-0.057564,-0.415591]<1>
[-0.90554,-0.057564,-0.420338]<1>
[-0.902583,-0.057564,-0.42665]<2>
[-0.901088,-0.057564,-0.429798]<1>
[-0.89577,-0.057564,-0.440774]<2>
[-0.895,-0.057564,-0.442337]<1>
[-0.894226,-0.057564,-0.443898]<2>
[-0.888737,-0.057564,-0.45479]<25>
[-0.886343,-0.057564,-0.459437]<1>
[-0.880664,-0.057564,-0.470231]<1>
[-0.87736,-0.057564,-0.476368]<1>
[-0.862132,-0.0540788,-0.50379]<2>
[-0.845882,-0.0540788,-0.530621]<2>
[-0.838391,-0.0540788,-0.54238]<1>
[-0.803716,-0.0540788,-0.592551]<2>
[-0.770345,-0.057564,-0.635024]<2>
[-0.756877,-0.057564,-0.651017]<1>
[-0.715416,-0.0645323,-0.695712]<1>
[-0.677868,-0.0680153,-0.732031]<2>
[-0.622283,-0.0714975,-0.779521]<2>
[-0.611261,-0.0732382,-0.788033]<2>
[-0.604361,-0.0732382,-0.793337]<1>
[-0.600199,-0.0732382,-0.796491]<1>
[-0.587614,-0.0732382,-0.80582]<1>
[-0.566318,-0.0732382,-0.820926]<2>
[-0.541715,-0.0732382,-0.837365]<2>
[-0.51961,-0.0732382,-0.851259]<1>
[-0.510667,-0.0732382,-0.856653]<1>
[-0.475877,-0.0732382,-0.876457]<2>
[-0.441881,-0.0732382,-0.894079]<1>
[-0.430925,-0.0732382,-0.899411]<1>
[-0.413579,-0.0732382,-0.907518]<1>
[-0.402461,-0.0732382,-0.912503]<1>
[-0.400868,-0.0732382,-0.913204]<1>
[-0.399273,-0.0732382,-0.913902]<3>
[-0.397678,-0.0732382,-0.914598]<1>
[-0.397678,-0.0732382,-0.914598]<2>
[-0.394483,-0.0732382,-0.91598]<4>
[-0.383263,-0.0732382,-0.920731]<1>
[-0.362275,-0.0732382,-0.929189]<2>
[-0.347679,-0.0714975,-0.934883]<1>
[-0.34278,-0.0714975,-0.936691]<1>
[-0.32638,-0.0714975,-0.942531]<2>
[-0.313149,-0.0732382,-0.946876]<2>
[-0.308186,-0.0732382,-0.948503]<1>
[-0.298198,-0.0749787,-0.951555]<1>
[-0.273187,-0.0749787,-0.959034]<2>
[-0.242928,-0.0749787,-0.967142]<2>
[-0.234479,-0.0749787,-0.969225]<1>
[-0.217528,-0.0749787,-0.97317]<1>
[-0.183408,-0.076719,-0.980039]<2>
[-0.140466,-0.0784591,-0.986972]<2>
[-0.118038,-0.0784591,-0.989905]<1>
[-0.0920849,-0.0784591,-0.992655]<2>
[-0.086886,-0.0784591,-0.993124]<2>
[-0.086886,-0.0784591,-0.993124]<1>
[-0.137039,-0.076719,-0.98759]<22>
[-0.176562,-0.076719,-0.981295]<1>
[-0.191954,-0.076719,-0.978401]<1>
[-0.236139,-0.076719,-0.968686]<2>
[-0.261416,-0.076719,-0.962173]<1>
[-0.281508,-0.076719,-0.956487]<1>
[-0.31476,-0.0749787,-0.946205]<4>
[-0.324651,-0.0749787,-0.942857]<1>
[-0.32794,-0.0749787,-0.941718]<1>
[-0.336146,-0.0749787,-0.938821]<1>
[-0.352432,-0.076719,-0.932687]<2>
[-0.384608,-0.0819385,-0.919436]<2>
[-0.410071,-0.0836779,-0.908207]<1>
[-0.446122,-0.0854169,-0.890887]<2>
[-0.467684,-0.0871557,-0.879588]<1>
[-0.478395,-0.0871557,-0.873809]<1>
[-0.498097,-0.0871557,-0.86273]<1>
[-0.529376,-0.0871557,-0.843899]<2>
[-0.554178,-0.0871557,-0.827823]<2>
[-0.559944,-0.0871557,-0.823934]<2>
[-0.559944,-0.0871557,-0.823934]<2>
[-0.565595,-0.0888943,-0.819878]<22>
[-0.572728,-0.0888943,-0.814911]<2>
[-0.576987,-0.0888943,-0.811901]<2>
[-0.576987,-0.0888943,-0.811901]<2>
[-0.578312,-0.0906326,-0.810765]<3>
[-0.578312,-0.0906326,-0.810765]<1>
[-0.562641,-0.0906326,-0.821718]<6>
[-0.533621,-0.0906326,-0.840853]<4>
[-0.526427,-0.0871557,-0.845742]<1>
[-0.52207,-0.0854169,-0.848615]<1>
[-0.516358,-0.0801989,-0.852609]<1>
[-0.510533,-0.076719,-0.856429]<1>
[-0.501668,-0.0732382,-0.861954]<2>
[-0.49872,-0.0714975,-0.863809]<1>
[-0.497273,-0.0697565,-0.864785]<1>
[-0.495763,-0.0697565,-0.865652]<1>
[-0.491282,-0.0680153,-0.868341]<3>
[-0.473099,-0.0645323,-0.878643]<3>
[-0.456195,-0.0627905,-0.887662]<2>
[-0.453094,-0.0627905,-0.889249]<1>
[-0.451541,-0.0627905,-0.890038]<1>
[-0.450035,-0.0610486,-0.890922]<3>
[-0.450035,-0.0610486,-0.890922]<1>
[-0.413919,-0.0610486,-0.908265]<7>
[-0.398004,-0.0610486,-0.91535]<1>
[-0.377135,-0.0610486,-0.924144]<2>
[-0.372291,-0.0610486,-0.926106]<1>
[-0.362572,-0.0610486,-0.929954]<1>
[-0.357698,-0.0610486,-0.93184]<1>
[-0.346324,-0.0593064,-0.936239]<2>
[-0.33814,-0.0593064,-0.939225]<1>
[-0.32832,-0.0575641,-0.942811]<1>
[-0.300319,-0.050593,-0.952496]<3>
[-0.293688,-0.0488498,-0.954652]<1>
[-0.271998,-0.045363,-0.961228]<2>
[-0.24509,-0.0418757,-0.968596]<2>
[-0.223052,-0.0418757,-0.973907]<2>
[-0.212857,-0.0401318,-0.976259]<1>
[-0.209448,-0.0401318,-0.976996]<1>
[-0.204329,-0.0401318,-0.978079]<3>
[-0.202622,-0.0401318,-0.978434]<5>
[-0.200914,-0.0401318,-0.978787]<3>
[-0.197482,-0.0418757,-0.979412]<3>
[-0.18373,-0.0488498,-0.981762]<2>
[-0.178555,-0.052336,-0.982537]<1>
[-0.169908,-0.0593064,-0.983674]<1>
[-0.166319,-0.0732382,-0.983348]<2>
[-0.166206,-0.0819385,-0.982681]<1>
[-0.166206,-0.0819385,-0.982681]<2>
[-0.143868,-0.0819385,-0.986199]<25>
[-0.0972526,-0.0819385,-0.991881]<1>
[-0.0695294,-0.080199,-0.994351]<1>
[-0.0173986,-0.0767191,-0.996901]<1>
[0.0295851,-0.0749788,-0.996746]<1>
[0.0886577,-0.0732382,-0.993366]<2>
[0.107712,-0.0732382,-0.991481]<1>
[0.143971,-0.0732382,-0.986868]<1>
[0.190249,-0.0767191,-0.978734]<2>
[0.229311,-0.080199,-0.970044]<2>
[0.269654,-0.0836779,-0.959315]<2>
[0.337346,-0.0906326,-0.937008]<2>
[0.379318,-0.0958458,-0.920289]<1>
[0.450121,-0.101056,-0.887231]<2>
[0.545916,-0.106264,-0.831074]<2>
[0.571644,-0.107999,-0.813363]<1>
[0.622701,-0.111469,-0.77448]<1>
[0.650404,-0.114937,-0.750843]<1>
[0.756822,-0.123602,-0.641828]<2>
[0.82135,-0.127065,-0.556093]<2>
[0.867138,-0.130526,-0.48066]<2>
[0.896142,-0.132256,-0.423601]<2>
[0.906224,-0.132256,-0.401581]<1>
[0.906224,-0.132256,-0.401581]<1>
[0.904816,-0.132256,-0.404741]<2>
[0.904816,-0.132256,-0.404741]<2>
[0.904109,-0.132256,-0.40632]<2>
[0.902685,-0.132256,-0.409473]<1>
[0.899593,-0.133986,-0.415668]<2>
[0.898866,-0.133986,-0.417237]<2>
[0.900608,-0.137445,-0.412328]<20>
[0.900608,-0.137445,-0.412328]<1>
[0.900388,-0.139173,-0.412227]<1>
[0.890585,-0.140901,-0.432442]<2>
[0.861034,-0.139173,-0.489133]<2>
[0.811958,-0.132256,-0.568536]<2>
[0.76757,-0.127065,-0.628245]<1>
[0.693062,-0.123602,-0.710203]<2>
[0.61652,-0.121869,-0.77785]<2>
[0.543484,-0.121869,-0.830526]<2>
[0.478165,-0.121869,-0.869773]<2>
[0.470557,-0.121869,-0.873913]<1>
[0.466074,-0.120137,-0.876551]<1>
[0.458598,-0.116671,-0.880952]<1>
[0.429479,-0.109734,-0.896385]<2>
[0.40141,-0.102793,-0.910112]<2>
[0.385602,-0.0993198,-0.917304]<1>
[0.379254,-0.0975829,-0.920132]<1>
[0.364878,-0.0941084,-0.926287]<1>
[0.340722,-0.0871558,-0.936116]<2>
[0.311332,-0.080199,-0.946911]<1>
[0.288221,-0.0749788,-0.954624]<1>
[0.288259,-0.0732382,-0.954748]<2>
[0.284924,-0.0732382,-0.955748]<29>
[0.274935,-0.0714975,-0.958801]<1>
[0.261616,-0.0662739,-0.962894]<1>
[0.231319,-0.0610486,-0.970961]<2>
[0.216084,-0.0575641,-0.974676]<1>
[0.210998,-0.0558215,-0.975891]<1>
[0.209295,-0.0558215,-0.976258]<1>
[0.209295,-0.0558215,-0.976258]<1>
[0.216126,-0.0540789,-0.974867]<19>
[0.219527,-0.0540789,-0.974106]<2>
[0.221227,-0.0540789,-0.973722]<1>
[0.224646,-0.052336,-0.973034]<1>
[0.231433,-0.052336,-0.971442]<1>
[0.248374,-0.050593,-0.967342]<1>
[0.271981,-0.0471065,-0.961149]<1>
[0.302107,-0.0418757,-0.952354]<1>
[0.346727,-0.0348995,-0.937317]<2>
[0.369586,-0.0296663,-0.928723]<1>
[0.379311,-0.0279217,-0.924848]<1>
[0.39543,-0.0244322,-0.918171]<2>
[0.397032,-0.0244322,-0.91748]<1>
[0.405023,-0.0244322,-0.91398]<4>
[0.412984,-0.0244322,-0.910411]<2>
[0.425673,-0.0226874,-0.904593]<2>
[0.442977,-0.0209425,-0.896288]<2>
[0.450781,-0.0209425,-0.892389]<1>
[0.469371,-0.0209425,-0.882752]<2>
[0.470911,-0.0209425,-0.881932]<1>
[0.477057,-0.0209425,-0.878623]<1>
[0.486232,-0.0209425,-0.873579]<2>
[0.493836,-0.0209425,-0.869303]<1>
[0.498381,-0.0209425,-0.866705]<1>
[0.511933,-0.0209425,-0.85877]<1>
[0.520898,-0.0209425,-0.853362]<1>
[0.538635,-0.0226874,-0.842234]<2>
[0.547425,-0.0226874,-0.836547]<1>
[0.563384,-0.0226874,-0.825884]<1>
[0.57057,-0.0226874,-0.820936]<1>
[0.593269,-0.0226874,-0.804685]<2>
[0.603055,-0.0226874,-0.797377]<1>
[0.610014,-0.0209425,-0.792114]<1>
[0.619646,-0.0209425,-0.784602]<2>
[0.622381,-0.0209425,-0.782434]<1>
[0.627828,-0.0209425,-0.77807]<1>
[0.631893,-0.0209425,-0.774772]<1>
[0.646651,-0.0209425,-0.762499]<2>
[0.658548,-0.0209425,-0.752248]<1>
[0.665062,-0.0226874,-0.746444]<1>
[0.681797,-0.0244322,-0.731133]<2>
[0.695708,-0.0244322,-0.71791]<1>
[0.704426,-0.0244322,-0.709356]<1>
[0.729915,-0.026177,-0.683037]<1>
[0.73938,-0.026177,-0.672779]<1>
[0.762373,-0.0279217,-0.646535]<2>
[0.775746,-0.0279217,-0.630427]<1>
[0.781218,-0.0279217,-0.623634]<1>
[0.796181,-0.0296663,-0.60433]<2>
[0.806607,-0.0296663,-0.590343]<1>
[0.832557,-0.0296663,-0.553145]<2>
[0.8486,-0.0296663,-0.528203]<2>
[0.85322,-0.0279217,-0.520804]<1>
[0.864816,-0.0279217,-0.501312]<2>
[0.871772,-0.026177,-0.489212]<1>
[0.875166,-0.026177,-0.483113]<1>
[0.885092,-0.026177,-0.46468]<1>
[0.897721,-0.026177,-0.439786]<3>
[0.903027,-0.026177,-0.428785]<2>
[0.905998,-0.026177,-0.422471]<1>
[0.908198,-0.026177,-0.417721]<1>
[0.911092,-0.026177,-0.41137]<1>
[0.916747,-0.026177,-0.398609]<2>
[0.918822,-0.026177,-0.393804]<1>
[0.923521,-0.0279217,-0.382531]<1>
[0.926169,-0.0279217,-0.376075]<1>
[0.935599,-0.0314108,-0.351665]<2>
[0.942124,-0.0331552,-0.33362]<1>
[0.94443,-0.0331552,-0.327035]<1>
[0.956109,-0.0383879,-0.290485]<2>
[0.958608,-0.0383879,-0.282131]<1>
[0.963781,-0.0401318,-0.263657]<1>
[0.965598,-0.0401318,-0.256923]<1>
[0.971109,-0.0418757,-0.234933]<2>
[0.974222,-0.0436194,-0.221335]<1>
[0.976116,-0.0436194,-0.212825]<1>
[0.980693,-0.0436194,-0.190625]<2>
[0.981353,-0.0436194,-0.1872]<1>
[0.98232,-0.0436194,-0.18206]<1>
[0.982636,-0.0436194,-0.180345]<1>
[0.98447,-0.0436194,-0.170045]<2>
[0.98599,-0.0418757,-0.161459]<1>
[0.988405,-0.0418757,-0.145952]<1>
[0.990646,-0.0401318,-0.130418]<2>
[0.992234,-0.0383879,-0.118314]<2>
[0.99284,-0.0383879,-0.113117]<1>
[0.995216,-0.0366438,-0.0905691]<2>
[0.996957,-0.0348996,-0.0697112]<2>
[0.997308,-0.0348996,-0.0644905]<1>
[0.998198,-0.0348996,-0.0488175]<2>
[0.998586,-0.0348996,-0.0401049]<2>
[0.999134,-0.0348996,-0.0226712]<2>
[0.999366,-0.0348996,-0.00697467]<1>
[0.999366,-0.0348996,0.00697898]<2>
[0.999353,-0.0348996,0.00872309]<1>
[0.999268,-0.0348996,0.0156997]<3>
[0.998986,-0.0366438,0.0261616]<1>
[0.997705,-0.0383879,0.0557827]<2>
[0.996182,-0.0383879,0.0784032]<2>
[0.995903,-0.0383879,0.0818803]<1>
[0.995758,-0.0383879,0.0836187]<1>
[0.995758,-0.0383879,0.0836187]<2>
[0.995903,-0.0383879,0.0818803]<10>
[0.995834,-0.0401318,0.0818747]<1>
[0.996114,-0.0401318,0.0783978]<1>
[0.997151,-0.0418757,0.0627369]<3>
[0.997939,-0.0436194,0.0470635]<1>
[0.998946,-0.045363,0.00697605]<2>
[0.998377,-0.0436194,-0.0366066]<2>
[0.996615,-0.0436194,-0.0696878]<1>
[0.99004,-0.0436194,-0.133857]<2>
[0.986474,-0.0436194,-0.158006]<1>
[0.976559,-0.0418757,-0.211138]<1>
[0.960616,-0.0366438,-0.275451]<1>
[0.949994,-0.0331552,-0.310504]<1>
[0.908341,-0.0191975,-0.417789]<2>
[0.872875,-0.0104718,-0.487831]<1>
[0.853546,-0.0034907,-0.521005]<1>
[0.814097,0.00698121,-0.580687]<1>
[0.755629,0.0244321,-0.654544]<2>
[0.699101,0.0401317,-0.713896]<1>
[0.660407,0.0523359,-0.749082]<1>
[0.625369,0.0627905,-0.777799]<1>
[0.568713,0.0836778,-0.818268]<2>
[0.551027,0.0923705,-0.829359]<1>
[0.534358,0.104528,-0.83877]<1>
[0.519037,0.114937,-0.846989]<1>
[0.498832,0.128796,-0.857076]<1>
[0.476709,0.144356,-0.867127]<1>
[0.452878,0.158158,-0.877432]<1>
[0.430299,0.171929,-0.886162]<1>
[0.397967,0.187381,-0.898059]<2>
[0.376847,0.195946,-0.905313]<1>
[0.350796,0.204496,-0.913851]<1>
[0.308049,0.218143,-0.926024]<2>
[0.258002,0.236838,-0.936666]<2>
[0.236173,0.245307,-0.940238]<1>
[0.202477,0.258819,-0.944466]<2>
[0.175438,0.2706,-0.946571]<1>
[0.109498,0.304033,-0.946348]<1>
[0.0775685,0.322266,-0.943466]<2>
[0.0759216,0.322266,-0.9436]<1>
[0.0742745,0.322266,-0.943731]<2>
[0.0694951,0.315649,-0.946328]<2>
[0.0678827,0.313992,-0.946996]<2>
[0.0678827,0.313992,-0.946996]<1>
[0.0662678,0.312335,-0.947658]<1>
[0.0597857,0.305695,-0.950251]<1>
[0.0549009,0.300706,-0.952135]<1>
[0.0499963,0.295708,-0.953969]<1>
[0.0450731,0.290702,-0.955751]<1>
[0.0450731,0.290702,-0.955751]<1>
[0.0450731,0.290702,-0.955751]<1>
END
