KEYINFO
[0]<3>
[1]<1>
[9]<98>
[8]<105>
[9]<11>
[8]<37>
[9]<65>
[8]<45>
[9]<6>
[1]<66>
[9]<16>
[1]<28>
[9]<1>
[8]<60>
[10]<24>
[8]<96>
[9]<56>
[1]<76>
[5]<52>
[4]<18>
[6]<23>
[2]<32>
[6]<15>
[4]<152>
[5]<26>
[4]<65>
[0]<8>
[1]<86>
[9]<25>
[1]<70>
[9]<30>
[1]<147>
[5]<74>
[1]<37>
[5]<15>
[4]<43>
[5]<23>
[4]<47>
[5]<29>
[1]<143>
[5]<16>
[1]<25>
[5]<30>
[4]<28>
[6]<7>
[2]<28>
[10]<19>
[2]<88>
[0]<84>
END
MOUSEINFO
[-0.0435955,-0.0331552,-0.998499]<2>
[-0.0817676,-0.0645323,-0.99456]<1>
[-0.102461,-0.0801989,-0.991499]<2>
[-0.128181,-0.0975829,-0.986938]<1>
[-0.143565,-0.104528,-0.984105]<1>
[-0.153805,-0.107999,-0.982181]<1>
[-0.158946,-0.107999,-0.981362]<1>
[-0.167504,-0.107999,-0.979938]<2>
[-0.18117,-0.107999,-0.977504]<1>
[-0.191396,-0.107999,-0.975553]<1>
[-0.2033,-0.107999,-0.973142]<1>
[-0.215133,-0.109734,-0.9704]<1>
[-0.223593,-0.109734,-0.968486]<1>
[-0.23199,-0.111469,-0.96631]<1>
[-0.235362,-0.111469,-0.965494]<1>
[-0.243779,-0.111469,-0.963404]<1>
[-0.24882,-0.111469,-0.962114]<1>
[-0.250498,-0.111469,-0.961678]<1>
[-0.260606,-0.109734,-0.959189]<3>
[-0.264003,-0.107999,-0.958456]<1>
[-0.272408,-0.106264,-0.956296]<1>
[-0.279129,-0.104528,-0.954547]<1>
[-0.294194,-0.101056,-0.950388]<2>
[-0.300875,-0.0993198,-0.948478]<1>
[-0.30253,-0.0993198,-0.947951]<1>
[-0.307542,-0.0975829,-0.946518]<1>
[-0.307542,-0.0975829,-0.946518]<2>
[-0.310844,-0.0975829,-0.945438]<10>
[-0.327407,-0.0941083,-0.940185]<2>
[-0.342191,-0.0923706,-0.935079]<1>
[-0.36505,-0.0888943,-0.926734]<2>
[-0.377954,-0.0888943,-0.921547]<1>
[-0.408363,-0.0871558,-0.908649]<3>
[-0.432074,-0.0854169,-0.897784]<2>
[-0.438331,-0.0854169,-0.894746]<1>
[-0.453947,-0.0836779,-0.887091]<1>
[-0.460129,-0.0836779,-0.8839]<1>
[-0.464751,-0.0836779,-0.881479]<1>
[-0.467825,-0.0836779,-0.879851]<1>
[-0.467825,-0.0836779,-0.879851]<1>
[-0.46936,-0.0836779,-0.879033]<1>
[-0.470893,-0.0836779,-0.878213]<2>
[-0.463143,-0.0854169,-0.882158]<31>
[-0.452193,-0.0888943,-0.887479]<1>
[-0.425531,-0.0923706,-0.900217]<2>
[-0.420743,-0.0941083,-0.902286]<1>
[-0.419167,-0.0941083,-0.903019]<1>
[-0.411202,-0.0958458,-0.906491]<1>
[-0.388731,-0.101056,-0.915793]<2>
[-0.380656,-0.102793,-0.918986]<1>
[-0.362878,-0.104528,-0.925955]<3>
[-0.353096,-0.106264,-0.929533]<2>
[-0.343343,-0.106264,-0.933179]<4>
[-0.343343,-0.106264,-0.933179]<1>
[-0.340084,-0.106264,-0.934372]<5>
[-0.335123,-0.107999,-0.935964]<1>
[-0.328581,-0.107999,-0.938281]<1>
[-0.321961,-0.109734,-0.940372]<1>
[-0.32032,-0.109734,-0.940932]<1>
[-0.313743,-0.109734,-0.943146]<1>
[-0.307091,-0.111469,-0.945129]<1>
[-0.300486,-0.111469,-0.94725]<2>
[-0.295522,-0.111469,-0.948811]<1>
[-0.275586,-0.111469,-0.954791]<1>
[-0.268861,-0.113203,-0.956503]<1>
[-0.260504,-0.113203,-0.958813]<1>
[-0.24373,-0.113203,-0.963214]<3>
[-0.238684,-0.113203,-0.964477]<1>
[-0.211661,-0.113203,-0.970765]<1>
[-0.201443,-0.114937,-0.972733]<1>
[-0.194648,-0.114937,-0.974116]<1>
[-0.189544,-0.114937,-0.975122]<1>
[-0.187842,-0.114937,-0.975451]<1>
[-0.187842,-0.114937,-0.975451]<1>
[-0.184436,-0.114937,-0.976101]<1>
[-0.174205,-0.114937,-0.977979]<2>
[-0.158822,-0.114937,-0.980594]<2>
[-0.155398,-0.114937,-0.981143]<1>
[-0.155398,-0.114937,-0.981143]<1>
[-0.150258,-0.114937,-0.981943]<1>
[-0.134816,-0.114937,-0.984182]<2>
[-0.127942,-0.114937,-0.985099]<1>
[-0.122782,-0.114937,-0.985756]<1>
[-0.119341,-0.114937,-0.986178]<1>
[-0.112453,-0.114937,-0.986987]<1>
[-0.11073,-0.114937,-0.987182]<1>
[-0.100407,-0.113203,-0.988486]<2>
[-0.0831726,-0.109734,-0.990475]<2>
[-0.0693614,-0.106264,-0.991916]<2>
[-0.0641788,-0.104528,-0.992449]<2>
[-0.0589813,-0.104528,-0.992771]<1>
[-0.0468483,-0.104528,-0.993418]<3>
[-0.0416462,-0.104528,-0.99365]<1>
[-0.0416462,-0.104528,-0.99365]<1>
[-0.039912,-0.104528,-0.993721]<1>
[-0.036443,-0.104528,-0.993854]<1>
[-0.0242981,-0.104528,-0.994225]<1>
[-0.0156211,-0.104528,-0.994399]<1>
[-0.00867877,-0.104528,-0.994484]<1>
[-0.00347141,-0.104528,-0.994516]<1>
[0.0190925,-0.104528,-0.994339]<4>
[0.0416538,-0.102793,-0.99383]<4>
[0.0468569,-0.102793,-0.993599]<1>
[0.0503339,-0.101056,-0.993607]<1>
[0.0520681,-0.101056,-0.993517]<1>
[0.0642244,-0.0975829,-0.993153]<3>
[0.0676905,-0.0975829,-0.992923]<1>
[0.0746337,-0.0958458,-0.992594]<2>
[0.0798298,-0.0958458,-0.99219]<1>
[0.0815613,-0.0958458,-0.992049]<1>
[0.0902303,-0.0941083,-0.991465]<1>
[0.123093,-0.0906326,-0.988248]<3>
[0.133435,-0.0906326,-0.986905]<2>
[0.135157,-0.0906326,-0.98667]<1>
[0.138622,-0.0888943,-0.986348]<1>
[0.154098,-0.0888943,-0.984049]<1>
[0.157532,-0.0888943,-0.983505]<1>
[0.167822,-0.0888943,-0.981801]<2>
[0.174672,-0.0888943,-0.980606]<2>
[0.179804,-0.0888943,-0.979678]<1>
[0.190054,-0.0888943,-0.977741]<1>
[0.203655,-0.0906326,-0.974839]<1>
[0.213852,-0.0906326,-0.972653]<1>
[0.220637,-0.0906326,-0.971136]<1>
[0.225719,-0.0906326,-0.969967]<1>
[0.227411,-0.0906326,-0.969572]<1>
[0.230794,-0.0906326,-0.968772]<2>
[0.235863,-0.0906326,-0.967551]<13>
[0.235863,-0.0906326,-0.967551]<1>
[0.235826,-0.0923706,-0.967395]<1>
[0.235826,-0.0923706,-0.967395]<1>
[0.227375,-0.0923706,-0.969416]<13>
[0.21212,-0.0923706,-0.972868]<1>
[0.157532,-0.0888943,-0.983505]<2>
[0.123131,-0.0871558,-0.988556]<1>
[0.0590983,-0.0836779,-0.994739]<2>
[0.0173938,-0.0819385,-0.996486]<2>
[-0.019133,-0.0819385,-0.996454]<2>
[-0.0521674,-0.080199,-0.995413]<1>
[-0.0782063,-0.080199,-0.993706]<1>
[-0.0938051,-0.080199,-0.992355]<1>
[-0.107651,-0.080199,-0.990949]<1>
[-0.107651,-0.080199,-0.990949]<1>
[-0.114567,-0.080199,-0.990173]<1>
[-0.154254,-0.0767191,-0.985048]<1>
[-0.167993,-0.0767191,-0.982798]<1>
[-0.179987,-0.0767191,-0.980673]<1>
[-0.186854,-0.0749788,-0.979522]<1>
[-0.19198,-0.0749788,-0.97853]<1>
[-0.205624,-0.0749788,-0.975755]<1>
[-0.217529,-0.0749788,-0.97317]<1>
[-0.229432,-0.0732382,-0.970565]<1>
[-0.241272,-0.0732382,-0.96769]<1>
[-0.25476,-0.0732382,-0.964227]<1>
[-0.264876,-0.0714975,-0.961628]<1>
[-0.264876,-0.0714975,-0.961628]<1>
[-0.289994,-0.0697565,-0.954483]<1>
[-0.321519,-0.0680153,-0.944457]<1>
[-0.370594,-0.0645323,-0.926551]<2>
[-0.38996,-0.0627906,-0.918688]<1>
[-0.42183,-0.0610486,-0.904617]<2>
[-0.450084,-0.0593064,-0.891015]<2>
[-0.464024,-0.0593064,-0.883835]<1>
[-0.482481,-0.0575641,-0.874013]<2>
[-0.485529,-0.0575641,-0.872323]<1>
[-0.496199,-0.0558215,-0.866412]<2>
[-0.502236,-0.0558215,-0.862927]<1>
[-0.503741,-0.0558215,-0.862049]<2>
[-0.503741,-0.0558215,-0.862049]<1>
[-0.506747,-0.0558215,-0.860286]<15>
[-0.508248,-0.0558215,-0.8594]<1>
[-0.509747,-0.0558215,-0.858512]<3>
[-0.511245,-0.0558215,-0.857621]<7>
[-0.515728,-0.0558215,-0.854932]<1>
[-0.521684,-0.0558215,-0.851311]<2>
[-0.524652,-0.0558215,-0.849485]<1>
[-0.529093,-0.0558215,-0.846726]<1>
[-0.529093,-0.0558215,-0.846726]<1>
[-0.534991,-0.0558215,-0.843011]<1>
[-0.534991,-0.0558215,-0.843011]<1>
[-0.532045,-0.0558215,-0.844874]<32>
[-0.517219,-0.0558215,-0.854031]<4>
[-0.514235,-0.0558215,-0.855831]<1>
[-0.503741,-0.0558215,-0.862049]<1>
[-0.496199,-0.0558215,-0.866412]<1>
[-0.487099,-0.0558215,-0.871561]<1>
[-0.479475,-0.0558215,-0.875778]<1>
[-0.470277,-0.0558215,-0.880751]<1>
[-0.465613,-0.0575641,-0.883114]<1>
[-0.464071,-0.0575641,-0.883925]<1>
[-0.459437,-0.0575641,-0.886343]<1>
[-0.45634,-0.0575641,-0.887942]<1>
[-0.454789,-0.0575641,-0.888737]<2>
[-0.453238,-0.0575641,-0.889529]<3>
[-0.451684,-0.0575641,-0.890319]<1>
[-0.451684,-0.0575641,-0.890319]<2>
[-0.45013,-0.0575641,-0.891106]<3>
[-0.45013,-0.0575641,-0.891106]<1>
[-0.447016,-0.0575641,-0.892672]<1>
[-0.445458,-0.0575641,-0.89345]<1>
[-0.442336,-0.0575641,-0.895]<1>
[-0.429797,-0.0575641,-0.901089]<4>
[-0.428224,-0.0575641,-0.901837]<2>
[-0.420338,-0.0575641,-0.90554]<2>
[-0.418756,-0.0575641,-0.906272]<2>
[-0.414005,-0.0575641,-0.908452]<4>
[-0.412419,-0.0575641,-0.909174]<1>
[-0.410832,-0.0575641,-0.909892]<2>
[-0.409243,-0.0575641,-0.910608]<1>
[-0.409243,-0.0575641,-0.910608]<1>
[-0.407653,-0.0575641,-0.911321]<6>
[-0.407653,-0.0575641,-0.911321]<1>
[-0.406062,-0.0575641,-0.912031]<13>
[-0.399685,-0.0575641,-0.914843]<5>
[-0.394889,-0.0575641,-0.916924]<2>
[-0.391686,-0.0575641,-0.918296]<1>
[-0.388479,-0.0575641,-0.919658]<2>
[-0.385266,-0.0575641,-0.921009]<2>
[-0.377214,-0.0575641,-0.924335]<4>
[-0.372369,-0.0575641,-0.926298]<5>
[-0.370752,-0.0575641,-0.926946]<1>
[-0.370752,-0.0575641,-0.926946]<2>
[-0.365893,-0.0575641,-0.928875]<3>
[-0.362649,-0.0575641,-0.930146]<2>
[-0.356146,-0.0575641,-0.932656]<1>
[-0.351258,-0.0575641,-0.934507]<1>
[-0.344725,-0.0575641,-0.936937]<1>
[-0.339815,-0.0575641,-0.938729]<1>
[-0.339815,-0.0575641,-0.938729]<1>
[-0.326675,-0.0575641,-0.943382]<2>
[-0.321731,-0.0575641,-0.94508]<1>
[-0.311817,-0.0575641,-0.948397]<2>
[-0.310161,-0.0575641,-0.94894]<2>
[-0.298545,-0.0575641,-0.952658]<1>
[-0.293553,-0.0575641,-0.954208]<1>
[-0.2785,-0.0593064,-0.958604]<1>
[-0.268418,-0.0610486,-0.961366]<1>
[-0.25999,-0.0627906,-0.963567]<1>
[-0.256625,-0.0627906,-0.964469]<1>
[-0.246484,-0.0645323,-0.966996]<3>
[-0.234652,-0.0645323,-0.969935]<1>
[-0.224456,-0.0662739,-0.972228]<1>
[-0.215964,-0.0662739,-0.97415]<1>
[-0.21086,-0.0662739,-0.975267]<1>
[-0.193784,-0.0680153,-0.978684]<2>
[-0.192076,-0.0680153,-0.97902]<1>
[-0.171531,-0.0680153,-0.982828]<2>
[-0.162928,-0.0697565,-0.984169]<1>
[-0.157773,-0.0697565,-0.985009]<1>
[-0.150873,-0.0714975,-0.985964]<1>
[-0.142245,-0.0732382,-0.987118]<1>
[-0.138799,-0.0732382,-0.987609]<1>
[-0.121493,-0.0784591,-0.989487]<1>
[-0.100716,-0.0819385,-0.991535]<1>
[-0.0955232,-0.0819385,-0.992049]<1>
[-0.0816387,-0.085417,-0.992995]<1>
[-0.0469047,-0.0923706,-0.994619]<1>
[-0.0295343,-0.0941083,-0.995124]<1>
[-0.0104235,-0.0958458,-0.995342]<1>
[-0.00173674,-0.0975829,-0.995226]<1>
[0.0295146,-0.101056,-0.994443]<2>
[0.0381847,-0.102793,-0.99397]<1>
[0.0381847,-0.102793,-0.99397]<2>
[0.0901026,-0.107999,-0.990059]<1>
[0.0987392,-0.107999,-0.989235]<1>
[0.119434,-0.107999,-0.986951]<1>
[0.131458,-0.109734,-0.985229]<1>
[0.141768,-0.109734,-0.983799]<1>
[0.150318,-0.111469,-0.982333]<1>
[0.153746,-0.111469,-0.981803]<1>
[0.158885,-0.111469,-0.980984]<2>
[0.164019,-0.111469,-0.980139]<1>
[0.16744,-0.111469,-0.97956]<1>
[0.172566,-0.111469,-0.97867]<1>
[0.174274,-0.111469,-0.978368]<1>
[0.179394,-0.111469,-0.977442]<1>
[0.189583,-0.113203,-0.975317]<2>
[0.196387,-0.113203,-0.97397]<1>
[0.199786,-0.113203,-0.973278]<1>
[0.206534,-0.114937,-0.971665]<1>
[0.213312,-0.114937,-0.9702]<2>
[0.215006,-0.114937,-0.969826]<1>
[0.215006,-0.114937,-0.969826]<1>
[0.213312,-0.114937,-0.9702]<1>
[0.215006,-0.114937,-0.969826]<2>
[0.215006,-0.114937,-0.969826]<2>
[0.221815,-0.113203,-0.968495]<8>
[0.230304,-0.111469,-0.966713]<1>
[0.240507,-0.107999,-0.96462]<1>
[0.252321,-0.106264,-0.961791]<1>
[0.275796,-0.104528,-0.955516]<2>
[0.285787,-0.104528,-0.952575]<1>
[0.294088,-0.104528,-0.950045]<1>
[0.295746,-0.104528,-0.94953]<2>
[0.2958,-0.102793,-0.949703]<1>
[0.2958,-0.102793,-0.949703]<1>
[0.300769,-0.102793,-0.948141]<6>
[0.31233,-0.102793,-0.944396]<1>
[0.328764,-0.102793,-0.938801]<1>
[0.338577,-0.102793,-0.935307]<1>
[0.351603,-0.102793,-0.930489]<1>
[0.379052,-0.102793,-0.919648]<2>
[0.385463,-0.102793,-0.91698]<1>
[0.409408,-0.101056,-0.906737]<1>
[0.42517,-0.101056,-0.899454]<1>
[0.473189,-0.101056,-0.875145]<3>
[0.515283,-0.102793,-0.850833]<3>
[0.543209,-0.102793,-0.833281]<1>
[0.560541,-0.102793,-0.821722]<1>
[0.578934,-0.104528,-0.808646]<1>
[0.595632,-0.106264,-0.796197]<1>
[0.610576,-0.109734,-0.784318]<1>
[0.622699,-0.111469,-0.774481]<1>
[0.63199,-0.113203,-0.766664]<2>
[0.643825,-0.114937,-0.756491]<2>
[0.652886,-0.116671,-0.748417]<1>
[0.658095,-0.116671,-0.74384]<1>
[0.663135,-0.118404,-0.739075]<1>
[0.685585,-0.123601,-0.717423]<1>
[0.695383,-0.125333,-0.707626]<1>
[0.706255,-0.127065,-0.696461]<2>
[0.708682,-0.127065,-0.693992]<1>
[0.71455,-0.128796,-0.687626]<1>
[0.717977,-0.130526,-0.683719]<1>
[0.727285,-0.132256,-0.673472]<1>
[0.7376,-0.133986,-0.661811]<2>
[0.738579,-0.135716,-0.660365]<1>
[0.738579,-0.135716,-0.660365]<1>
[0.74088,-0.135716,-0.657783]<16>
[0.742992,-0.137445,-0.655035]<1>
[0.745274,-0.137445,-0.652438]<2>
[0.745274,-0.137445,-0.652438]<1>
[0.740701,-0.137445,-0.657625]<14>
[0.731447,-0.137445,-0.667903]<2>
[0.688557,-0.132256,-0.71302]<1>
[0.655804,-0.128796,-0.743863]<1>
[0.616385,-0.123601,-0.777684]<1>
[0.594559,-0.121869,-0.794763]<1>
[0.549613,-0.116671,-0.827233]<1>
[0.50577,-0.113203,-0.855209]<1>
[0.439006,-0.106264,-0.892178]<1>
[0.396778,-0.0993197,-0.912526]<1>
[0.355096,-0.0958458,-0.929903]<1>
[0.317647,-0.0906326,-0.943868]<1>
[0.284558,-0.0888943,-0.954528]<1>
[0.267897,-0.0871557,-0.959497]<1>
[0.239351,-0.0854169,-0.967169]<1>
[0.212252,-0.0854169,-0.973475]<1>
[0.186725,-0.0836778,-0.978842]<1>
[0.162777,-0.0819385,-0.983255]<1>
[0.150753,-0.0819385,-0.98517]<1>
[0.100731,-0.0801989,-0.991676]<2>
[0.078207,-0.0801989,-0.993706]<1>
[0.078207,-0.0801989,-0.993706]<1>
[0.0469616,-0.0784591,-0.995811]<1>
[0.0261003,-0.076719,-0.996711]<1>
[-0.00173992,-0.0749787,-0.997184]<1>
[-0.0208855,-0.0732382,-0.997096]<1>
[-0.0504629,-0.0714975,-0.996163]<2>
[-0.0782577,-0.0714975,-0.994366]<1>
[-0.0938669,-0.0714975,-0.993014]<1>
[-0.107736,-0.0697565,-0.991729]<1>
[-0.118115,-0.0697565,-0.990547]<1>
[-0.126755,-0.0697565,-0.989478]<1>
[-0.135384,-0.0697565,-0.988335]<2>
[-0.152613,-0.0697565,-0.985821]<1>
[-0.162927,-0.0697565,-0.984169]<1>
[-0.17496,-0.0680153,-0.982223]<1>
[-0.183525,-0.0680153,-0.980659]<1>
[-0.190389,-0.0662739,-0.979469]<1>
[-0.197222,-0.0662739,-0.978116]<2>
[-0.221111,-0.0627905,-0.973225]<2>
[-0.227924,-0.0610486,-0.971763]<1>
[-0.22962,-0.0610486,-0.971364]<1>
[-0.233009,-0.0610486,-0.970556]<1>
[-0.234728,-0.0593064,-0.97025]<1>
[-0.234728,-0.0593064,-0.97025]<1>
[-0.229644,-0.0593064,-0.971466]<24>
[-0.221158,-0.0593064,-0.973433]<1>
[-0.193892,-0.0593064,-0.979229]<3>
[-0.183608,-0.0610486,-0.981102]<1>
[-0.178468,-0.0610486,-0.98205]<1>
[-0.168175,-0.0610486,-0.983865]<1>
[-0.164739,-0.0610486,-0.984446]<1>
[-0.163021,-0.0610486,-0.984732]<1>
[-0.157863,-0.0610486,-0.985572]<1>
[-0.14581,-0.0610486,-0.987427]<2>
[-0.142362,-0.0610486,-0.98793]<1>
[-0.131995,-0.0627905,-0.98926]<1>
[-0.128541,-0.0627905,-0.989714]<1>
[-0.119899,-0.0627905,-0.990798]<4>
[-0.11817,-0.0627905,-0.991006]<2>
[-0.11644,-0.0627905,-0.991211]<1>
[-0.112979,-0.0627905,-0.991611]<1>
[-0.112979,-0.0627905,-0.991611]<1>
[-0.111248,-0.0627905,-0.991807]<2>
[-0.109517,-0.0627905,-0.992]<2>
[-0.107786,-0.0627905,-0.992189]<1>
[-0.10431,-0.0645323,-0.992449]<2>
[-0.0991121,-0.0645323,-0.992982]<2>
[-0.0956455,-0.0645323,-0.993321]<1>
[-0.0939116,-0.0645323,-0.993487]<2>
[-0.0904431,-0.0645323,-0.993809]<1>
[-0.0886983,-0.0662739,-0.993851]<1>
[-0.0886983,-0.0662739,-0.993851]<2>
[-0.0817578,-0.0662739,-0.994446]<29>
[-0.0817578,-0.0662739,-0.994446]<1>
[-0.0800221,-0.0662739,-0.994587]<1>
[-0.0800221,-0.0662739,-0.994587]<1>
[-0.0748047,-0.0680153,-0.994876]<16>
[-0.0713315,-0.0680153,-0.995131]<1>
[-0.0678571,-0.0680153,-0.995374]<2>
[-0.0661119,-0.0697565,-0.995371]<1>
[-0.0661119,-0.0697565,-0.995371]<1>
[-0.0643744,-0.0697565,-0.995485]<14>
[-0.0608993,-0.0697565,-0.995703]<1>
[-0.0591613,-0.0697565,-0.995808]<1>
[-0.0556849,-0.0697565,-0.996009]<1>
[-0.0539399,-0.0714975,-0.995981]<1>
[-0.0539399,-0.0714975,-0.995981]<1>
[-0.055678,-0.0714975,-0.995886]<34>
[-0.0695774,-0.0714975,-0.995011]<1>
[-0.0747865,-0.0714975,-0.994633]<1>
[-0.0747865,-0.0714975,-0.994633]<1>
[-0.0782577,-0.0714975,-0.994366]<1>
[-0.0782577,-0.0714975,-0.994366]<2>
[-0.086921,-0.0732382,-0.993519]<6>
[-0.093855,-0.0732382,-0.992888]<1>
[-0.093855,-0.0732382,-0.992888]<1>
[-0.105978,-0.0732382,-0.991668]<1>
[-0.111169,-0.0732382,-0.991099]<1>
[-0.111169,-0.0732382,-0.991099]<1>
[-0.0990264,-0.076719,-0.992123]<14>
[-0.0955498,-0.0784591,-0.992328]<1>
[-0.09034,-0.0801989,-0.992677]<1>
[-0.085141,-0.0801989,-0.993136]<1>
[-0.0799288,-0.0819385,-0.993427]<1>
[-0.0799288,-0.0819385,-0.993427]<1>
[-0.0729808,-0.0836778,-0.993817]<1>
[-0.0712463,-0.0836778,-0.993943]<1>
[-0.0695113,-0.0836778,-0.994065]<4>
[-0.069501,-0.0854169,-0.993918]<8>
[-0.069501,-0.0854169,-0.993918]<1>
[-0.0660311,-0.0854169,-0.994155]<2>
[-0.0660211,-0.0871557,-0.994005]<2>
[-0.0660211,-0.0871557,-0.994005]<1>
[-0.064286,-0.0871557,-0.994118]<6>
[-0.0573356,-0.0888943,-0.994389]<4>
[-0.0555999,-0.0888943,-0.994488]<1>
[-0.0555999,-0.0888943,-0.994488]<1>
[-0.0538642,-0.0888943,-0.994584]<2>
[-0.0538642,-0.0888943,-0.994584]<1>
[-0.0521283,-0.0888943,-0.994676]<2>
[-0.0417091,-0.0888943,-0.995167]<1>
[-0.0243348,-0.0888943,-0.995744]<1>
[-0.0139064,-0.0888943,-0.995944]<1>
[-0.00521477,-0.0888943,-0.996027]<1>
[0.00695407,-0.0888943,-0.996017]<3>
[0.00695407,-0.0888943,-0.996017]<2>
[0.00521578,-0.0888943,-0.996027]<10>
[0.00173918,-0.0888943,-0.99604]<2>
[0.00173918,-0.0888943,-0.99604]<1>
[-0.0104298,-0.0888943,-0.995986]<19>
[-0.020862,-0.0871557,-0.995976]<1>
[-0.0347661,-0.0871557,-0.995588]<1>
[-0.0556168,-0.0854169,-0.994792]<2>
[-0.0660311,-0.0854169,-0.994155]<2>
[-0.069501,-0.0854169,-0.993918]<1>
[-0.0764379,-0.0854169,-0.993409]<1>
[-0.0816506,-0.0836778,-0.993142]<1>
[-0.0851166,-0.0836778,-0.992851]<1>
[-0.0903141,-0.0836778,-0.992392]<2>
[-0.112806,-0.0836778,-0.990087]<3>
[-0.119715,-0.0836778,-0.989276]<1>
[-0.128362,-0.0819385,-0.988337]<2>
[-0.128362,-0.0819385,-0.988337]<2>
[-0.140427,-0.0819385,-0.986695]<32>
[-0.173064,-0.0819385,-0.981496]<3>
[-0.1782,-0.0819385,-0.980577]<1>
[-0.179912,-0.0819385,-0.980264]<1>
[-0.181622,-0.0819385,-0.979949]<3>
[-0.178175,-0.0836778,-0.980434]<17>
[-0.159272,-0.0871557,-0.98338]<1>
[-0.143784,-0.0888943,-0.985608]<1>
[-0.124797,-0.0923706,-0.987873]<1>
[-0.112719,-0.0923706,-0.989324]<1>
[-0.0919602,-0.0941083,-0.991306]<1>
[-0.0538293,-0.0958457,-0.99394]<1>
[-0.0277927,-0.0958457,-0.995008]<1>
[6.24943e-007,-0.0958457,-0.995396]<1>
[0.02432,-0.0958457,-0.995099]<1>
[0.0364753,-0.0958457,-0.994728]<1>
[0.0694358,-0.0958457,-0.992971]<1>
[0.131648,-0.0958457,-0.986652]<3>
[0.155715,-0.0958457,-0.983141]<1>
[0.193308,-0.0975829,-0.976273]<2>
[0.220492,-0.0975829,-0.970495]<1>
[0.245821,-0.0975829,-0.964391]<1>
[0.272652,-0.0975829,-0.957151]<1>
[0.299219,-0.0993197,-0.949001]<1>
[0.34027,-0.101056,-0.934882]<2>
[0.369467,-0.101056,-0.923732]<1>
[0.369467,-0.101056,-0.923732]<1>
[0.450119,-0.101056,-0.887232]<2>
[0.47319,-0.101056,-0.875145]<1>
[0.497441,-0.101056,-0.861592]<1>
[0.533084,-0.101056,-0.840005]<2>
[0.556331,-0.101056,-0.824793]<1>
[0.5749,-0.101056,-0.811959]<1>
[0.591778,-0.101056,-0.799741]<1>
[0.623396,-0.101056,-0.775348]<2>
[0.646124,-0.101056,-0.756513]<2>
[0.670851,-0.101056,-0.734675]<2>
[0.677236,-0.101056,-0.728792]<1>
[0.687346,-0.101056,-0.719266]<1>
[0.696082,-0.101056,-0.710815]<1>
[0.708381,-0.101056,-0.698558]<2>
[0.718192,-0.0993197,-0.688721]<1>
[0.720716,-0.0975829,-0.686328]<1>
[0.730352,-0.0958457,-0.676313]<2>
[0.736226,-0.0958457,-0.669914]<2>
[0.739724,-0.0958457,-0.66605]<1>
[0.742044,-0.0958457,-0.663464]<1>
[0.747806,-0.0958457,-0.656963]<1>
[0.750094,-0.0958457,-0.654348]<1>
[0.750094,-0.0958457,-0.654348]<1>
[0.755776,-0.0958457,-0.647778]<24>
[0.755776,-0.0958457,-0.647778]<1>
[0.7614,-0.0958457,-0.641158]<1>
[0.766836,-0.0975829,-0.634381]<1>
[0.770147,-0.0975829,-0.630358]<1>
[0.770147,-0.0975829,-0.630358]<1>
[0.774529,-0.0975829,-0.624965]<2>
[0.776572,-0.0993197,-0.622151]<1>
[0.776572,-0.0993197,-0.622151]<1>
[0.778739,-0.0993197,-0.619436]<74>
[0.783044,-0.0993197,-0.613985]<1>
[0.790348,-0.101056,-0.604266]<3>
[0.790348,-0.101056,-0.604266]<1>
[0.792453,-0.101056,-0.601504]<66>
[0.795591,-0.101056,-0.597346]<3>
[0.795591,-0.101056,-0.597346]<1>
[0.798708,-0.101056,-0.593172]<12>
[0.800774,-0.101056,-0.59038]<1>
[0.809948,-0.101056,-0.57773]<1>
[0.812962,-0.101056,-0.573481]<1>
[0.814959,-0.101056,-0.57064]<1>
[0.815954,-0.101056,-0.569216]<1>
[0.817936,-0.101056,-0.566365]<1>
[0.821034,-0.0993197,-0.562173]<1>
[0.821034,-0.0993197,-0.562173]<1>
[0.827841,-0.0993197,-0.552101]<1>
[0.831675,-0.0993197,-0.546308]<1>
[0.83735,-0.0993197,-0.537569]<2>
[0.840299,-0.0975829,-0.533269]<1>
[0.845837,-0.0975829,-0.52444]<1>
[0.861169,-0.0958457,-0.499201]<3>
[0.866349,-0.0958457,-0.490156]<1>
[0.868904,-0.0958457,-0.485613]<1>
[0.872418,-0.0941083,-0.479615]<1>
[0.87657,-0.0941083,-0.471984]<2>
[0.879844,-0.0941083,-0.465853]<2>
[0.88784,-0.0941083,-0.450426]<1>
[0.89858,-0.0941083,-0.4286]<1>
[0.903019,-0.0941083,-0.419167]<2>
[0.903749,-0.0941083,-0.41759]<1>
[0.912296,-0.0941083,-0.398572]<4>
[0.915056,-0.0941083,-0.392193]<1>
[0.920443,-0.0941083,-0.379379]<1>
[0.926289,-0.0941083,-0.364874]<2>
[0.927557,-0.0941083,-0.361639]<2>
[0.927557,-0.0941083,-0.361639]<1>
[0.931905,-0.0941083,-0.35028]<116>
[0.937877,-0.0941083,-0.333962]<2>
[0.940185,-0.0941083,-0.327407]<1>
[0.947526,-0.0923706,-0.306042]<2>
[0.950161,-0.0923706,-0.297762]<1>
[0.950679,-0.0923706,-0.296103]<1>
[0.951707,-0.0923706,-0.292783]<2>
[0.953227,-0.0923706,-0.287796]<2>
[0.95763,-0.0923706,-0.272788]<2>
[0.962399,-0.0906326,-0.256074]<2>
[0.964163,-0.0906326,-0.249349]<1>
[0.968368,-0.0906326,-0.232484]<2>
[0.969968,-0.0906326,-0.225718]<2>
[0.97036,-0.0906326,-0.224025]<1>
[0.97152,-0.0906326,-0.218941]<1>
[0.973025,-0.0906326,-0.212153]<1>
[0.976579,-0.0906326,-0.195139]<2>
[0.980755,-0.0906326,-0.172933]<2>
[0.982227,-0.0906326,-0.164368]<1>
[0.983894,-0.0906326,-0.154073]<2>
[0.984946,-0.0906326,-0.147201]<1>
[0.985453,-0.0906326,-0.143762]<1>
[0.987136,-0.0906326,-0.131712]<2>
[0.988513,-0.0923706,-0.119623]<2>
[0.988925,-0.0923706,-0.116172]<1>
[0.989901,-0.0923706,-0.107537]<3>
[0.990801,-0.0923706,-0.0988948]<2>
[0.991627,-0.0923706,-0.0902448]<1>
[0.992086,-0.0923706,-0.0850514]<1>
[0.993536,-0.0923706,-0.0659902]<2>
[0.99376,-0.0923706,-0.0625218]<1>
[0.993972,-0.0923706,-0.0590526]<2>
[0.994991,-0.0923706,-0.0382233]<4>
[0.995233,-0.0923706,-0.0312762]<1>
[0.995336,-0.0923706,-0.0278019]<1>
[0.995384,-0.0923706,-0.0260648]<1>
[0.995602,-0.0923706,-0.0156399]<2>
[0.99565,-0.0923706,-0.0121646]<1>
[0.99565,-0.0923706,-0.0121646]<1>
[0.99567,-0.0923706,-0.0104268]<1>
[0.99567,-0.0923706,-0.0104268]<2>
[0.9957,-0.0923706,-0.00695127]<1>
[0.995711,-0.0923706,-0.00521354]<1>
[0.995725,-0.0923706,1.93875e-007]<1>
[0.995719,-0.0923706,0.00347583]<1>
[0.995711,-0.0923706,0.0052137]<2>
[0.995711,-0.0923706,0.0052137]<1>
[0.995628,-0.0923706,0.0139026]<43>
[0.995602,-0.0923706,0.0156402]<1>
[0.995506,-0.0923706,0.020853]<1>
[0.995427,-0.0923706,0.0243278]<1>
[0.995384,-0.0923706,0.0260651]<1>
[0.995174,-0.0941083,0.0277977]<1>
[0.995124,-0.0941083,0.0295345]<2>
[0.994893,-0.0941083,0.0364811]<3>
[0.994828,-0.0941083,0.0382174]<1>
[0.994614,-0.0941083,0.0434256]<3>
[0.994457,-0.0941083,0.0468972]<2>
[0.994287,-0.0941083,0.0503682]<1>
[0.994032,-0.0958457,0.0520948]<2>
[0.99394,-0.0958457,0.0538295]<1>
[0.99394,-0.0958457,0.0538295]<1>
[0.994032,-0.0958457,0.0520948]<140>
[0.994291,-0.0958457,0.0468893]<1>
[0.994449,-0.0958457,0.0434183]<2>
[0.994449,-0.0958457,0.0434183]<1>
[0.994594,-0.0958457,0.0399468]<10>
[0.994663,-0.0958457,0.0382109]<1>
[0.99479,-0.0958457,0.0347387]<1>
[0.995055,-0.0958457,0.0260565]<4>
[0.995009,-0.0975829,0.0208426]<2>
[0.99513,-0.0975829,0.0138956]<2>
[0.995042,-0.0993197,0.00521019]<2>
[0.994648,-0.102793,-0.0104163]<2>
[0.99212,-0.111469,-0.0572052]<2>
[0.991152,-0.113203,-0.069308]<1>
[0.989126,-0.114937,-0.0917584]<1>
[0.985358,-0.120137,-0.120987]<2>
[0.98215,-0.121869,-0.14328]<2>
[0.980384,-0.123601,-0.153524]<1>
[0.979628,-0.125333,-0.156911]<1>
[0.978508,-0.125333,-0.163746]<1>
[0.97674,-0.125333,-0.173984]<2>
[0.975816,-0.125333,-0.179096]<1>
[0.972542,-0.125333,-0.196099]<3>
[0.968598,-0.125333,-0.214733]<2>
[0.960289,-0.123601,-0.250136]<4>
[0.954097,-0.121869,-0.273583]<2>
[0.951673,-0.121869,-0.281898]<1>
[0.947128,-0.121869,-0.296812]<1>
[0.938867,-0.118404,-0.323278]<2>
[0.933082,-0.118404,-0.339614]<1>
[0.930881,-0.116671,-0.346191]<1>
[0.924886,-0.114937,-0.362459]<1>
[0.921687,-0.114937,-0.370516]<1>
[0.919735,-0.114937,-0.375337]<1>
[0.913044,-0.114937,-0.391331]<2>
[0.909078,-0.113203,-0.400951]<1>
[0.902846,-0.111469,-0.415263]<2>
[0.89696,-0.111469,-0.427828]<2>
[0.892604,-0.109734,-0.437282]<1>
[0.88953,-0.109734,-0.443503]<1>
[0.876149,-0.107999,-0.469787]<2>
[0.863551,-0.107999,-0.492561]<2>
[0.855868,-0.106264,-0.506159]<1>
[0.847812,-0.106264,-0.51954]<1>
[0.844165,-0.106264,-0.525446]<1>
[0.827397,-0.104528,-0.551805]<2>
[0.811814,-0.102793,-0.574797]<2>
[0.80063,-0.102793,-0.590276]<1>
[0.770839,-0.102793,-0.628681]<2>
[0.763101,-0.102793,-0.638052]<1>
[0.747285,-0.102793,-0.656506]<1>
[0.728662,-0.102793,-0.677115]<1>
[0.67073,-0.102793,-0.734544]<3>
[0.640712,-0.102793,-0.760869]<2>
[0.604158,-0.102793,-0.790207]<2>
[0.587477,-0.102793,-0.802686]<1>
[0.573379,-0.102793,-0.812816]<1>
[0.560541,-0.102793,-0.821722]<1>
[0.548913,-0.104528,-0.829318]<1>
[0.537281,-0.104528,-0.836901]<2>
[0.51806,-0.106264,-0.848718]<1>
[0.503168,-0.106264,-0.85763]<1>
[0.495665,-0.106264,-0.861988]<1>
[0.480546,-0.106264,-0.870508]<1>
[0.466813,-0.106264,-0.877948]<1>
[0.445224,-0.106264,-0.889091]<2>
[0.431204,-0.106264,-0.895975]<1>
[0.415501,-0.106264,-0.903364]<1>
[0.385321,-0.106264,-0.916644]<2>
[0.36604,-0.106264,-0.924512]<2>
[0.362811,-0.106264,-0.925784]<1>
[0.353096,-0.106264,-0.929533]<1>
[0.346598,-0.106264,-0.931975]<1>
[0.345035,-0.104528,-0.932751]<1>
[0.340147,-0.104528,-0.934545]<1>
[0.336882,-0.104528,-0.935727]<2>
[0.335249,-0.104528,-0.936313]<1>
[0.335249,-0.104528,-0.936313]<1>
[0.330342,-0.104528,-0.938056]<29>
[0.317212,-0.104528,-0.942576]<2>
[0.31392,-0.104528,-0.943678]<1>
[0.304021,-0.104528,-0.946914]<1>
[0.279129,-0.104528,-0.954547]<2>
[0.272458,-0.104528,-0.956473]<1>
[0.264101,-0.104528,-0.958814]<2>
[0.262428,-0.104528,-0.959273]<1>
[0.262428,-0.104528,-0.959273]<1>
[0.259077,-0.104528,-0.960184]<11>
[0.257401,-0.104528,-0.960634]<1>
[0.245646,-0.104528,-0.963707]<1>
[0.24228,-0.104528,-0.964559]<1>
[0.233854,-0.104528,-0.966637]<1>
[0.23052,-0.102793,-0.967623]<1>
[0.228831,-0.102793,-0.968024]<1>
[0.22376,-0.102793,-0.969209]<2>
[0.222067,-0.102793,-0.969598]<1>
[0.218682,-0.102793,-0.970367]<1>
[0.213598,-0.102793,-0.971499]<1>
[0.210205,-0.102793,-0.972238]<1>
[0.201713,-0.102793,-0.974036]<1>
[0.194908,-0.102793,-0.97542]<1>
[0.186422,-0.101056,-0.977259]<1>
[0.18301,-0.101056,-0.977903]<1>
[0.172759,-0.101056,-0.979766]<1>
[0.167627,-0.101056,-0.980657]<1>
[0.150487,-0.101056,-0.983433]<3>
[0.138461,-0.101056,-0.985199]<3>
[0.131602,-0.0993198,-0.986315]<2>
[0.126436,-0.0993198,-0.98699]<1>
[0.121267,-0.0993198,-0.987639]<1>
[0.117819,-0.0993198,-0.988056]<2>
[0.114369,-0.0993198,-0.988461]<1>
[0.107465,-0.0993198,-0.989235]<2>
[0.0971004,-0.0993198,-0.990307]<1>
[0.0746082,-0.0993198,-0.992255]<4>
[0.0676789,-0.0993198,-0.992751]<2>
[0.06248,-0.0993198,-0.993092]<1>
[0.059013,-0.0993198,-0.993304]<1>
[0.059013,-0.0993198,-0.993304]<1>
[0.0572794,-0.0993198,-0.993406]<1>
[0.0503427,-0.0993198,-0.993781]<1>
[0.0451385,-0.0993198,-0.994031]<2>
[0.0364624,-0.0993198,-0.994387]<3>
[0.0364624,-0.0993198,-0.994387]<1>
[0.0329911,-0.0993198,-0.994509]<1>
[0.0312556,-0.0993198,-0.994565]<2>
[0.0243112,-0.0993198,-0.994759]<3>
[0.0243112,-0.0993198,-0.994759]<1>
[0.0225751,-0.0993198,-0.994799]<1>
[0.0156296,-0.0993198,-0.994933]<2>
[0.0121565,-0.0993198,-0.994981]<1>
[0.0104198,-0.0993198,-0.995001]<1>
[0.00868349,-0.0993198,-0.995018]<3>
[-8.70055e-008,-0.0975829,-0.995227]<2>
[-0.0156324,-0.0975829,-0.995105]<1>
[-0.022579,-0.0975829,-0.994971]<1>
[-0.0399403,-0.0975829,-0.994426]<3>
[-0.0468815,-0.0975829,-0.994123]<1>
[-0.0607572,-0.0975829,-0.993371]<2>
[-0.0659577,-0.0975829,-0.993039]<1>
[-0.0780845,-0.0975829,-0.992159]<2>
[-0.0832785,-0.0975829,-0.991737]<1>
[-0.0919297,-0.0975829,-0.990972]<2>
[-0.0988455,-0.0975829,-0.990307]<1>
[-0.10403,-0.0975829,-0.989775]<1>
[-0.107484,-0.0975829,-0.989406]<1>
[-0.119564,-0.0975829,-0.988019]<2>
[-0.123012,-0.0975829,-0.987596]<1>
[-0.133347,-0.0975829,-0.986254]<1>
[-0.140229,-0.0975829,-0.985299]<1>
[-0.152256,-0.0975829,-0.983512]<2>
[-0.159118,-0.0975829,-0.982425]<1>
[-0.165973,-0.0975829,-0.98129]<1>
[-0.17453,-0.0975829,-0.979805]<2>
[-0.176239,-0.0975829,-0.979498]<1>
[-0.179657,-0.0975829,-0.978877]<1>
[-0.179657,-0.0975829,-0.978877]<1>
[-0.184781,-0.0975829,-0.977923]<1>
[-0.188193,-0.0975829,-0.977272]<1>
[-0.198416,-0.0975829,-0.975248]<1>
[-0.20692,-0.0975829,-0.973479]<2>
[-0.217102,-0.0975829,-0.971259]<2>
[-0.235708,-0.0975829,-0.966912]<2>
[-0.240767,-0.0975829,-0.965665]<1>
[-0.257628,-0.0958458,-0.961479]<1>
[-0.260982,-0.0958458,-0.960574]<1>
[-0.276038,-0.0958458,-0.956356]<1>
[-0.297664,-0.0958458,-0.949847]<2>
[-0.305941,-0.0958458,-0.947214]<1>
[-0.340446,-0.0958458,-0.935366]<2>
[-0.353472,-0.0958458,-0.930522]<1>
[-0.371271,-0.0958458,-0.923565]<2>
[-0.384129,-0.0958458,-0.918291]<1>
[-0.392128,-0.0958458,-0.914904]<1>
[-0.412784,-0.0958458,-0.905772]<1>
[-0.430097,-0.0958458,-0.897681]<2>
[-0.437914,-0.0958458,-0.893893]<1>
[-0.44725,-0.0958458,-0.889259]<1>
[-0.453448,-0.0958458,-0.886114]<1>
[-0.456538,-0.0958458,-0.884526]<1>
[-0.459699,-0.0941083,-0.883074]<1>
[-0.470454,-0.0941083,-0.877392]<2>
[-0.484177,-0.0941083,-0.869894]<2>
[-0.485694,-0.0941083,-0.869048]<1>
[-0.49326,-0.0941083,-0.864777]<3>
[-0.494768,-0.0941083,-0.863914]<1>
[-0.497781,-0.0941083,-0.862182]<1>
[-0.505286,-0.0941083,-0.857805]<3>
[-0.514241,-0.0941083,-0.852467]<3>
[-0.526093,-0.0941083,-0.845204]<2>
[-0.533449,-0.0941083,-0.840581]<1>
[-0.53638,-0.0941083,-0.838714]<2>
[-0.553827,-0.0941083,-0.827297]<2>
[-0.55968,-0.0923706,-0.823545]<2>
[-0.563985,-0.0923706,-0.820603]<1>
[-0.566846,-0.0923706,-0.818629]<1>
[-0.576805,-0.0923706,-0.811643]<2>
[-0.581047,-0.0923706,-0.808612]<1>
[-0.581047,-0.0923706,-0.808612]<1>
[-0.583866,-0.0923706,-0.806578]<1>
[-0.588081,-0.0923706,-0.80351]<2>
[-0.593676,-0.0923706,-0.799385]<1>
[-0.593676,-0.0923706,-0.799385]<2>
[-0.600629,-0.0923706,-0.794174]<1>
[-0.606159,-0.0923706,-0.789961]<2>
[-0.607537,-0.0923706,-0.788902]<1>
[-0.607537,-0.0923706,-0.788902]<1>
[-0.611659,-0.0923706,-0.785711]<1>
[-0.614398,-0.0923706,-0.783571]<1>
[-0.615765,-0.0923706,-0.782497]<1>
[-0.619853,-0.0923706,-0.779262]<1>
[-0.621312,-0.0906326,-0.778304]<1>
[-0.624025,-0.0906326,-0.77613]<1>
[-0.62808,-0.0906326,-0.772852]<1>
[-0.630774,-0.0906326,-0.770655]<1>
[-0.637576,-0.0888943,-0.765242]<2>
[-0.642903,-0.0888943,-0.760772]<2>
[-0.650834,-0.0888943,-0.753998]<2>
[-0.653462,-0.0888943,-0.751722]<1>
[-0.656183,-0.0871558,-0.749552]<1>
[-0.65749,-0.0871558,-0.748405]<1>
[-0.664096,-0.0854169,-0.742751]<2>
[-0.665392,-0.0854169,-0.741591]<1>
[-0.667976,-0.0854169,-0.739264]<1>
[-0.671838,-0.0854169,-0.735756]<1>
[-0.677059,-0.0836779,-0.731156]<2>
[-0.678334,-0.0836779,-0.729974]<1>
[-0.682245,-0.0819385,-0.726517]<1>
[-0.683512,-0.0819385,-0.725326]<1>
[-0.684777,-0.0819385,-0.724132]<2>
[-0.68604,-0.0819385,-0.722935]<6>
[-0.68604,-0.0819385,-0.722935]<1>
[-0.692517,-0.0784591,-0.717122]<23>
[-0.695016,-0.0784591,-0.714701]<2>
[-0.695016,-0.0784591,-0.714701]<1>
[-0.706252,-0.0767191,-0.703791]<1>
[-0.713678,-0.0749788,-0.696449]<2>
[-0.719728,-0.0749788,-0.690195]<1>
[-0.720932,-0.0749788,-0.688938]<1>
[-0.722227,-0.0732382,-0.687768]<2>
[-0.723426,-0.0732382,-0.686506]<2>
[-0.723426,-0.0732382,-0.686506]<2>
[-0.725818,-0.0732382,-0.683977]<13>
[-0.740077,-0.0714975,-0.668711]<2>
[-0.742407,-0.0714975,-0.666123]<1>
[-0.744727,-0.0714975,-0.663528]<4>
[-0.742407,-0.0714975,-0.666123]<46>
[-0.742407,-0.0714975,-0.666123]<1>
[-0.739983,-0.0732382,-0.668626]<2>
[-0.739983,-0.0732382,-0.668626]<2>
[0.739983,-0.0732382,0.668626]<66>
END
