KEYINFO
[0]<202>
END
MOUSEINFO
[0.00523545,-0.0139622,0.999889]<52>
[0.0104672,-0.0296662,0.999505]<1>
[0.0382111,-0.0958458,0.994663]<2>
[0.0433643,-0.107999,0.993205]<1>
[0.0519001,-0.128796,0.990312]<1>
[0.0603936,-0.146083,0.987427]<1>
[0.0704753,-0.168489,0.983181]<2>
[0.0771453,-0.182236,0.980224]<1>
[0.0837317,-0.197657,0.976689]<1>
[0.100077,-0.228351,0.968422]<2>
[0.104746,-0.243615,0.964199]<1>
[0.111124,-0.255446,0.960416]<1>
[0.11738,-0.26892,0.955983]<1>
[0.122019,-0.278991,0.95251]<1>
[0.132732,-0.300706,0.944435]<2>
[0.137213,-0.310676,0.94056]<1>
[0.143191,-0.322266,0.935757]<1>
[0.149178,-0.332161,0.931351]<1>
[0.156612,-0.34366,0.925943]<1>
[0.164046,-0.353475,0.920948]<1>
[0.1747,-0.361625,0.91581]<1>
[0.196212,-0.371368,0.907517]<1>
[0.234272,-0.384295,0.892991]<2>
[0.266055,-0.390731,0.881217]<1>
[0.291646,-0.393942,0.871638]<1>
[0.320145,-0.395546,0.860843]<1>
[0.349729,-0.397148,0.848506]<1>
[0.393954,-0.395546,0.829665]<1>
[0.409809,-0.395546,0.821949]<1>
[0.438901,-0.392337,0.808355]<1>
[0.496673,-0.387516,0.776626]<2>
[0.524239,-0.384295,0.759928]<1>
[0.551633,-0.379456,0.742774]<1>
[0.580123,-0.372988,0.724112]<1>
[0.633887,-0.359997,0.684536]<2>
[0.660738,-0.351842,0.663048]<1>
[0.687927,-0.34366,0.639261]<1>
[0.716346,-0.335452,0.611817]<1>
[0.743163,-0.328867,0.582714]<1>
[0.767793,-0.322266,0.55375]<1>
[0.788962,-0.317305,0.526172]<1>
[0.817303,-0.310677,0.485279]<2>
[0.826585,-0.307357,0.471476]<1>
[0.843174,-0.30237,0.444555]<1>
[0.864362,-0.295708,0.406738]<2>
[0.874771,-0.290702,0.387645]<1>
[0.879247,-0.289032,0.378664]<1>
[0.884271,-0.287361,0.368087]<1>
[0.884913,-0.287361,0.366543]<2>
[0.884913,-0.287361,0.366543]<1>
[0.885648,-0.282342,0.36866]<8>
[0.884846,-0.275637,0.375595]<2>
[0.88397,-0.273959,0.37887]<1>
[0.883035,-0.267238,0.385789]<1>
[0.880211,-0.262189,0.395583]<1>
[0.87344,-0.252069,0.41661]<2>
[0.859094,-0.241922,0.451034]<2>
[0.852639,-0.238534,0.464874]<1>
[0.836094,-0.233445,0.496437]<1>
[0.804272,-0.228351,0.548637]<2>
[0.794574,-0.228351,0.56259]<1>
[0.772392,-0.228351,0.592677]<1>
[0.724646,-0.228351,0.650188]<2>
[0.699152,-0.228351,0.677526]<1>
[0.675081,-0.228351,0.701513]<1>
[0.655231,-0.228351,0.720089]<1>
[0.63358,-0.228351,0.739211]<2>
[0.614013,-0.228351,0.755543]<2>
[0.598299,-0.226651,0.768549]<2>
[0.591809,-0.224951,0.774054]<1>
[0.58639,-0.224951,0.778167]<1>
[0.582774,-0.221549,0.781851]<1>
[0.579352,-0.21644,0.785815]<2>
[0.577484,-0.209619,0.789032]<1>
[0.574189,-0.202787,0.793211]<1>
[0.572428,-0.194234,0.796618]<1>
[0.572375,-0.182236,0.799485]<1>
[0.573801,-0.168489,0.801476]<1>
[0.577575,-0.142629,0.803781]<2>
[0.582125,-0.120137,0.804175]<2>
[0.58575,-0.107999,0.803264]<1>
[0.598314,-0.0836779,0.79688]<2>
[0.618688,-0.0593065,0.783395]<2>
[0.627159,-0.050593,0.777247]<1>
[0.635473,-0.0436195,0.77089]<1>
[0.645024,-0.0366438,0.763283]<1>
[0.65577,-0.0296663,0.754378]<1>
[0.685781,-0.0104719,0.727733]<3>
[0.694649,-0.00523606,0.71933]<1>
[0.698411,-0.00349075,0.715689]<1>
[0.704633,0.00174523,0.70957]<1>
[0.71079,0.00523587,0.703385]<1>
[0.715675,0.00698117,0.698398]<1>
[0.740642,0.0209423,0.671574]<2>
[0.745253,0.0244321,0.666334]<1>
[0.753269,0.0279215,0.657119]<1>
[0.760031,0.0314107,0.649128]<1>
[0.763376,0.0331551,0.645103]<1>
[0.767815,0.0348994,0.63972]<1>
[0.77332,0.0366436,0.632956]<2>
[0.774424,0.0366436,0.631605]<1>
[0.775474,0.0383877,0.630211]<2>
[0.775474,0.0383877,0.630211]<1>
[0.776573,0.0383877,0.628857]<4>
[0.779801,0.0401317,0.624739]<2>
[0.780891,0.0401317,0.623377]<1>
[0.780891,0.0401317,0.623377]<1>
[0.780891,0.0401317,0.623377]<5>
END
